2.628217448972030384e-18
2.723344345132906151e-18
2.619854524474087652e-18
2.713925534460654607e-18
2.606522362286929132e-18
2.513993088512690165e-18
2.635400513683793114e-18
2.542168860698886461e-18
2.652237453253197668e-18
2.558949391048132396e-18
2.681794494822517756e-18
2.588003161409733173e-18
2.497993762970895976e-18
2.617769388559390147e-18
2.527360405328285609e-18
2.637022504133847331e-18
2.546750145117652605e-18
2.668801824435767468e-18
2.578204116942226497e-18
2.491267543650116410e-18
2.610876294017732224e-18
4.033867682702858303e-18
6.255292340634725864e-18
9.695857738674297385e-18
1.496416734223924411e-17
2.317806874622790538e-17
3.588828585391598679e-17
5.979053321193212311e-17
9.253461232339157538e-17
1.431748903938839933e-16
2.206920090676033639e-16
3.404310753599112756e-16
5.242245464404221838e-16
8.046251868318428005e-16
1.239420188013624868e-15
1.909441619486474650e-15
3.171496775622444536e-15
4.888382162167502989e-15
7.535897177670629981e-15
1.158442595914654511e-14
1.786496430447504532e-14
2.380924231504340934e-14
3.431720816464179966e-14
4.556550555103236486e-14
6.064724426735781274e-14
8.735536033223768947e-14
1.164956376465752427e-13
1.552686010466757481e-13
2.231925239017138191e-13
2.971437440995938953e-13
3.953747424314128350e-13
5.689182380642248795e-13
7.561303326173320967e-13
1.001777358177586380e-12
1.439047067302864418e-12
1.909363004532358825e-12
2.531961127761947473e-12
3.630807217995287119e-12
4.797203223253766837e-12
6.350616787272688120e-12
9.090774856375020416e-12
1.026954159111760614e-11
1.254575624250047270e-11
1.531914080010159150e-11
1.728536471493976605e-11
2.108764352883979908e-11
2.571408539016645801e-11
3.134065817605678263e-11
3.530812610202209420e-11
4.299605289941840116e-11
5.233329234817201889e-11
5.889163094241487263e-11
7.161820206320652806e-11
8.705429760946024351e-11
1.057680152207333773e-10
1.188422849958053356e-10
1.442281775724191978e-10
1.747596974250167455e-10
1.958835672032410140e-10
2.371675436792645408e-10
2.870334532757924459e-10
3.214144933856217858e-10
3.598176655041479660e-10
4.027021806428235681e-10
4.505783685358136327e-10
4.656462607978454036e-10
5.207780910671279299e-10
5.822845290689065765e-10
6.508847770762519810e-10
7.257545652898427099e-10
8.108386605558385822e-10
9.056626101916325168e-10
1.009075384375359949e-09
1.127048717752560446e-09
1.259236766953403818e-09
1.406526963600707492e-09
1.567148554312376322e-09
1.749466550563956743e-09
1.952443460277527820e-09
2.178357202228157649e-09
2.429729848146254331e-09
2.506882548995798515e-09
2.788794909846315629e-09
3.108316708272481578e-09
3.205624147200758375e-09
3.571268170539849635e-09
3.968939992521901534e-09
4.100274506357336441e-09
4.554820736681519488e-09
5.069307656043732506e-09
5.223543055160368812e-09
5.798523980559744329e-09
6.448887992537445588e-09
7.154980678129649683e-09
7.384069201083994419e-09
8.188994465276883205e-09
9.098628448535737250e-09
9.366095877459877644e-09
1.040194420065125735e-08
1.152490775284491087e-08
1.185892288611239596e-08
1.316135819231430715e-08
1.353965459163603923e-08
1.392795376946737645e-08
1.432649692710181502e-08
1.585455024802384741e-08
1.630454689687792481e-08
1.676628848705128196e-08
1.724005433695297034e-08
1.772612972261485592e-08
1.963993151626094363e-08
2.018913533265463364e-08
2.075245490340292233e-08
2.133022048094024220e-08
2.356689121886723564e-08
2.421773353707753877e-08
2.488508884819410940e-08
2.556933818739168046e-08
2.823028754504742831e-08
2.905974282822436953e-08
2.985054969490010477e-08
3.053623474910409142e-08
3.130008087648605106e-08
3.201648732167387751e-08
3.281433127534998460e-08
3.356270527148924938e-08
3.439591956491129614e-08
3.524811802644825001e-08
3.604755826844635784e-08
3.692873613141591890e-08
3.774681653634328187e-08
3.865858032182011714e-08
3.951285474830859469e-08
4.046459906263417547e-08
4.135654473612613698e-08
4.234989206324037719e-08
4.328104042929071882e-08
4.431767255353310102e-08
4.537751373611042729e-08
4.637127089363627533e-08
4.747706971640878804e-08
6.389540952780347987e-08
8.030557520604092135e-08
1.079624264114395120e-07
1.450615368142318245e-07
1.951621695162796195e-07
2.619136042458461164e-07
3.519382280818951070e-07
4.717256290259452834e-07
5.906451678455071791e-07
7.908443515432071659e-07
1.060224030714580454e-06
1.417764034543419050e-06
1.898049827213868712e-06
2.534598904061457845e-06
3.388433137554203346e-06
4.518407613340126287e-06
5.631314950646721515e-06
7.499109866247434330e-06
9.997303187321859603e-06
1.329391719833547314e-05
2.047395759773676811e-05
3.149829940983284632e-05
4.521528041676632496e-05
6.954482856525060028e-05
1.066541529234610569e-04
1.633854547425939445e-04
2.336172221351882645e-04
3.571232102343527563e-04
5.453142182935375197e-04
8.333017965731964521e-04
1.269579914683861485e-03
1.806225121345252050e-03
2.745964147579721057e-03
4.169942166986801389e-03
6.325271388872337475e-03
8.980207068791797378e-03
1.359306351712565204e-02
2.055298234518704303e-02
3.104321410156157812e-02
4.683842311369133121e-02
5.430240149736059035e-02
6.292649045575379740e-02
7.788306835659465632e-02
9.015166529020297859e-02
1.112254517071107479e-01
1.285954447115184862e-01
1.486017447278986658e-01
1.832790536241193091e-01
2.115731951549469358e-01
2.601364963028033883e-01
3.000719234562072568e-01
3.461238144415057505e-01
4.260183322608950829e-01
4.915784476236509937e-01
6.037840425562540636e-01
6.974311605606922093e-01
8.063323403232564024e-01
9.957728250782930113e-01
1.153857186401484602e+00
1.423720255241206711e+00
1.547542783849987336e+00
1.568091191087205960e+00
1.696597906859970140e+00
1.834468113278911350e+00
1.981764576568177283e+00
2.138401795586571286e+00
2.304142471427474970e+00
2.478608670594850238e+00
2.661310876857417185e+00
2.851696564856829319e+00
2.854864495283415238e+00
3.047748377118082441e+00
3.247219087563446571e+00
3.453315030733668856e+00
3.666398388999706714e+00
3.887231962347543313e+00
4.117046157426877073e+00
4.357595706230656063e+00
4.345330292537716410e+00
4.603467437540694540e+00
4.882438542939258497e+00
4.889203974310484035e+00
5.191251033715452934e+00
5.209856565042294996e+00
5.245615717038361936e+00
5.585859902003190491e+00
5.648975934238546159e+00
6.031668889874318040e+00
6.093944334280434028e+00
6.564199337485974617e+00
6.651202072286308109e+00
6.797968926812863799e+00
7.317347977728691610e+00
7.439827413213000007e+00
8.111454145838658647e+00
8.264133367350243731e+00
9.051409871323832235e+00
9.234079918816922472e+00
9.419895118020466640e+00
1.035887698314394889e+01
1.056621659382809497e+01
1.151356491248469993e+01
1.173514247891448292e+01
1.205679577221078880e+01
1.224915799900253610e+01
1.333275619194018979e+01
1.350806483396906543e+01
1.365935596329196677e+01
1.481620800240327185e+01
1.492394267434795907e+01
1.501481231744304168e+01
1.616836845361921959e+01
1.615397875309815134e+01
1.610612813128417642e+01
1.720775575490547737e+01
1.707735933333735190e+01
1.679693593417015762e+01
1.776757134425229268e+01
1.752368039883144490e+01
1.726839828442788161e+01
1.812754033330073256e+01
1.782114956441172637e+01
1.751801780333810044e+01
1.722202099574012024e+01
1.712225584903923092e+01
1.684113259006308994e+01
1.753623290043513094e+01
1.725039418926535717e+01
1.698543561655044343e+01
1.674266954058575152e+01
1.652307544857590926e+01
1.717767082185450533e+01
1.698374010843337345e+01
1.692511882273827339e+01
1.676932258833224765e+01
1.664136985835761706e+01
1.734089251419747768e+01
1.725752450510346847e+01
1.720472017810359588e+01
1.718233493764635966e+01
1.719025542847444754e+01
1.720724715325441423e+01
1.805305015469821228e+01
1.813645343783708341e+01
1.818178739577405523e+01
1.831056158644307530e+01
1.847254111451959702e+01
1.854712431681246798e+01
1.875488551677920412e+01
1.988031234536342495e+01
2.017785229507009603e+01
2.030303077308629867e+01
2.065207900287204268e+01
2.103913661070271246e+01
2.119746476551191350e+01
2.163687985940794078e+01
2.211469549728713346e+01
2.377930708741660126e+01
2.400292432710616097e+01
2.462503685874954940e+01
2.528909044028808140e+01
2.554897616461829912e+01
2.626845144968536516e+01
2.654810240524069798e+01
2.731952509826362530e+01
2.812570313430391877e+01
2.843550198766798331e+01
2.928311493667592558e+01
3.139563104697637286e+01
3.237626472764102914e+01
3.274651069315791574e+01
3.375304469482919956e+01
3.476797621169043850e+01
3.514635907875916843e+01
3.615646215256793994e+01
3.653012243900077038e+01
3.751350469935720611e+01
3.846124061558235496e+01
3.880678634112856429e+01
3.968486715714835356e+01
4.295746963613669323e+01
4.384297046127009168e+01
4.415659023758242085e+01
4.490613510330035751e+01
4.516841728254918564e+01
4.575788664436543485e+01
4.596145091735115074e+01
4.637299351607394016e+01
4.651296908900398108e+01
4.673663726855340173e+01
4.681109141112975891e+01
4.684567069820382557e+01
5.049223091279721842e+01
5.029882318225313043e+01
5.022819128183159876e+01
4.984285592638767781e+01
4.971019724267484463e+01
4.915856864482492483e+01
4.897362402208308652e+01
4.828573381336767056e+01
4.805926619925459420e+01
4.726691405703518001e+01
4.700984859464524135e+01
4.614432061948825492e+01
4.586705123698420294e+01
4.558614473654266419e+01
4.466929409571374521e+01
4.437974814448387662e+01
4.345033975729979403e+01
4.582973351099013115e+01
4.477853095415586182e+01
4.445081547740787187e+01
4.412606871727193436e+01
4.311918233797510425e+01
4.280920152422656599e+01
4.185275600379829797e+01
4.156120465391925478e+01
4.066441094167298331e+01
4.039381098961619188e+01
4.012874166209749660e+01
3.931482101302061949e+01
3.907258467241308608e+01
3.832893949842110004e+01
3.811028232317495679e+01
3.789756709844422033e+01
3.724369476539529700e+01
3.705480851268929143e+01
3.687184188969760612e+01
3.630787717617119625e+01
3.614848850823013748e+01
3.723168691959557464e+01
3.707940882241552316e+01
3.693343880632586718e+01
3.648598311321814691e+01
3.636492597539336202e+01
3.624991323801579313e+01
3.589558881362634679e+01
3.580450160107726276e+01
3.571919859187065782e+01
3.545464106675832028e+01
3.539232171505244651e+01
3.533554439415168247e+01
3.515765349684338048e+01
3.512300901128283215e+01
3.509369070920946143e+01
3.499976323794960820e+01
3.499184268522443375e+01
3.498906269745100417e+01
3.497685968353726338e+01
3.499486799898390643e+01
3.501786228968502712e+01
3.508562890981792037e+01
3.512892698414392356e+01
3.517708603527359656e+01
3.532353662367745528e+01
3.539163123204585304e+01
3.684233535700180795e+01
3.692329049113304507e+01
3.717747041828873478e+01
3.727959387299296168e+01
3.738675645243159096e+01
3.772436737159068088e+01
3.785253295407591168e+01
3.798568087023257789e+01
3.840666174230958063e+01
3.856071531601856606e+01
3.871970599495362109e+01
3.888362085892652686e+01
3.940403472265806784e+01
3.958875918462477728e+01
3.977836358453516397e+01
4.038288635869002263e+01
4.059673558342680622e+01
4.081538773792707531e+01
4.150666418020539083e+01
4.174582358957550099e+01
4.198969157935393071e+01
4.276415466415232203e+01
4.302819865700614343e+01
4.329681459974366220e+01
4.356996360307791605e+01
4.444157254048771222e+01
4.473419825889983770e+01
4.503114769100812964e+01
4.533236558452759368e+01
4.629757672743324548e+01
4.661714065947366237e+01
4.694066515000852036e+01
4.798043095509016354e+01
4.832093502734952040e+01
4.866498842034317818e+01
4.901249342454410396e+01
5.013259242362894241e+01
5.049478727230749797e+01
5.085987734508484692e+01
5.374488492425555108e+01
5.504405967574120950e+01
5.545661480949720357e+01
5.587155694800947003e+01
5.628871424545671687e+01
5.764817596925347942e+01
5.807435609638424978e+01
5.850177207310293426e+01
5.893021589310838237e+01
6.032682816726656938e+01
6.075886951869480157e+01
6.119076337886835404e+01
6.162226944621299651e+01
6.302741548520892678e+01
6.345607804209122094e+01
6.388301107072217633e+01
6.430795086991369658e+01
6.568806621009017022e+01
6.610232866259411821e+01
6.651317116024853249e+01
6.692048418074071492e+01
6.823841014200947086e+01
6.862834865807275264e+01
6.901327329443459746e+01
6.939291659920020550e+01
7.061057937656060801e+01
7.096510205584333164e+01
7.131293120715537270e+01
7.165382700573604779e+01
7.198755635972602818e+01
7.304161723173501741e+01
7.334207952053579049e+01
7.363419624550823528e+01
7.391778640331693850e+01
7.419267913069933229e+01
7.503914363814834587e+01
7.527438086197609834e+01
7.550011760009164163e+01
7.571625394258958863e+01
7.592270218143058003e+01
7.652949267239014830e+01
7.669242738507510637e+01
7.684534196273912698e+01
7.698822826918404871e+01
8.229018439193119150e+01
8.238994156281481196e+01
8.247847026926039860e+01
8.255585391758106084e+01
8.262218889755263262e+01
8.274369273049714479e+01
8.276159694023039037e+01
8.276911367781451645e+01
8.276641412192641667e+01
8.275367891166790457e+01
8.260246997719025330e+01
8.254626588746829441e+01
8.248109696532199564e+01
8.240719362587044827e+01
8.232479142277125561e+01
8.193404580624624600e+01
8.181524928493956850e+01
8.168926974159343501e+01
8.155636506745635472e+01
8.141679415607995907e+01
8.082980160715355566e+01
8.066201744852091338e+01
8.048896316420295705e+01
8.031089571341497901e+01
8.012806979784132011e+01
7.994073751978596931e+01
7.918988717021598234e+01
7.898378648659031853e+01
7.877450306787419265e+01
7.856226754274733537e+01
7.834730600499923980e+01
7.812983985209220350e+01
7.791008564305286654e+01
7.704763753006884031e+01
7.681867787159283978e+01
7.658854448877579557e+01
7.635742171697049230e+01
7.612548845081751381e+01
7.589291813666740438e+01
7.498573637902146061e+01
7.475102952983837667e+01
7.451656728528274698e+01
7.428248911843934366e+01
7.404892926541913312e+01
7.381601679832542118e+01
7.290687289744280974e+01
7.267731300999963651e+01
7.244905142979548884e+01
7.222218618447111282e+01
7.199681078870111151e+01
7.177301435200746482e+01
7.089469113836818792e+01
7.067824191798214883e+01
7.046381923564364058e+01
7.025148633181044033e+01
7.004130284639036574e+01
6.920985296622609440e+01
6.900948845111925323e+01
6.881157284843789057e+01
6.861614496121562468e+01
6.842324078307323987e+01
6.823289360009532345e+01
6.747054431379085315e+01
6.729181577275893744e+01
6.711581249285217154e+01
6.694255228044275441e+01
6.677205092057934621e+01
6.660432226038825831e+01
6.643937829004705975e+01
6.576660303710103506e+01
6.561433716418689244e+01
6.546491889099644368e+01
6.810092613223027058e+01
6.794028820587415396e+01
6.778284381111143375e+01
6.713758697817279142e+01
6.699469762931303762e+01
6.685498063024436988e+01
6.671842371371130298e+01
6.658501374731321221e+01
6.645473678185652489e+01
6.590756059045051529e+01
6.579169082285008585e+01
6.567888895487729428e+01
6.556913651803360210e+01
6.546241453203428762e+01
6.535870353736298455e+01
6.525798362624448146e+01
6.481921721840897987e+01
6.473242471878887727e+01
6.464852896134154037e+01
6.456750758080664809e+01
6.448933795599825203e+01
6.441399722949758200e+01
6.434146232626071082e+01
6.400806462420220555e+01
6.394879178295128952e+01
6.389221478271276311e+01
6.383830936538189604e+01
6.378705116831257982e+01
6.373841573529239923e+01
6.369237852681316525e+01
6.346015715636782772e+01
6.342661797276236513e+01
6.339555961515359428e+01
6.336695708785028103e+01
6.334078537191823699e+01
6.331701943055507797e+01
6.329563421403619827e+01
6.327660466425526664e+01
6.325990571888308978e+01
6.314263948130620463e+01
6.313743652824762620e+01
6.313444372920650949e+01
6.313363597083585432e+01
6.313498815710176615e+01
6.313847521085286019e+01
6.314407207518769383e+01
6.315175371463548259e+01
6.316149511616535506e+01
6.315132383609356737e+01
6.317153543688590389e+01
6.319368577970496403e+01
6.321774990852497922e+01
6.324370289182874671e+01
6.327151982253180762e+01
6.330117581785034275e+01
6.333264601912252800e+01
6.341373553045625044e+01
6.345473542140015155e+01
6.349742816516739197e+01
6.354178893091380331e+01
6.358779290715156662e+01
6.363541530139143987e+01
6.368463133981413193e+01
6.373541626697765139e+01
6.378774534556568199e+01
6.396032226077272043e+01
6.402112992002881242e+01
6.408335936352450801e+01
6.414698580874288325e+01
6.421198448716887697e+01
6.427833064450450706e+01
6.434599954097171803e+01
6.441496645170593638e+01
6.448520666724316186e+01
6.474071317821979221e+01
6.481835586666872473e+01
6.489714755833959714e+01
6.497706345098745828e+01
6.505807875977936305e+01
6.514016871863591973e+01
6.522330858168972156e+01
6.530747362486175689e+01
6.563155330748119809e+01
6.572211097427283732e+01
6.581356715737678087e+01
6.590589705585017555e+01
6.599907590103882171e+01
6.609307895918216502e+01
6.618788153414013209e+01
6.628345897024183841e+01
6.637978665525447752e+01
6.676921658921438052e+01
6.687078585531118335e+01
6.697297641739021401e+01
6.707576370156780854e+01
6.717912319862401205e+01
6.728303046800020581e+01
6.738746114190232106e+01
6.749239092950681140e+01
6.759779562126536234e+01
6.770365109330663245e+01
6.780993331192965456e+01
6.826178182671752381e+01
6.837190256167231439e+01
6.848232037853129839e+01
6.859301156173417269e+01
6.870395251890117549e+01
6.881511978610514291e+01
6.892649003320022416e+01
6.903804006920337599e+01
6.914974684772194280e+01
6.926158747242384095e+01
6.975867999321815205e+01
6.987303492423822604e+01
6.998739630898658959e+01
7.010174194524755364e+01
7.021604982160111774e+01
7.033029812323252372e+01
7.044446523773447666e+01
7.055852976089423123e+01
7.067247050246099604e+01
7.078626649188683473e+01
7.131542690661967754e+01
7.143041974105035763e+01
7.154514686320494832e+01
7.165958844793443916e+01
7.177372493305189494e+01
7.188753702483636232e+01
7.200100570345443884e+01
7.211411222829273981e+01
7.222683814319678675e+01
7.233916528160939663e+01
7.245107577160395351e+01
7.299928598951821357e+01
7.311103529241731280e+01
7.322225962642112052e+01
7.333294276643836440e+01
7.344306882058869235e+01
7.355262223434064595e+01
7.366158779449338567e+01
7.376995063299884237e+01
7.387769623061986124e+01
7.398481042042025990e+01
7.409127939108357452e+01
7.464347566660258337e+01
7.766097544605476344e+01
7.777066727766424492e+01
7.787955417670983138e+01
7.798762382786989633e+01
7.809486433143291606e+01
7.820126420525137689e+01
7.830681238647140674e+01
7.841149823303678090e+01
7.851531152496579580e+01
7.861824246539977423e+01
7.872028168142323068e+01
7.929828480356414389e+01
7.939763328648206198e+01
7.949601930589166443e+01
7.959343604411145634e+01
7.968987711630582282e+01
7.978533656942371977e+01
7.987980888090733345e+01
7.997328895717129171e+01
8.006577213185607889e+01
8.015725416385718916e+01
8.024773123513332962e+01
8.033719994829657196e+01
8.042565732398759337e+01
8.097402390526988825e+01
8.105887382310655198e+01
8.114267421241819989e+01
8.122542469001086829e+01
8.130712527473923501e+01
8.138065785154596199e+01
8.145228262477689896e+01
8.152279184608637763e+01
8.159219094086716950e+01
8.166048573299096347e+01
8.172768243712053504e+01
8.223196798541950159e+01
8.229499278423902808e+01
8.235692829580101204e+01
8.241778318535423864e+01
8.247756645722439828e+01
8.253628744597629918e+01
8.259395580750008037e+01
8.265058151003104570e+01
8.270617482511065077e+01
8.276074631849688501e+01
8.281430684103395379e+01
8.286686751948700191e+01
8.332605339854264059e+01
8.337445943948466720e+01
8.342190161956658301e+01
8.346839287106247696e+01
8.351394633973337989e+01
8.355857537543137425e+01
8.360229352274079417e+01
8.364511451166184486e+01
8.368705224834350531e+01
8.372812080587272021e+01
8.376833441512523848e+01
8.380770745568401026e+01
8.384625444683142348e+01
8.388399003862031122e+01
8.392092900302921521e+01
8.395708622520653819e+01
8.399247669480926959e+01
8.438999505525711697e+01
8.442175728358756714e+01
8.445281251854549964e+01
8.448317655356449052e+01
8.451286522685373370e+01
8.454189441347924117e+01
8.457028001757419133e+01
8.459803796468669645e+01
8.462518419426341154e+01
8.465173465227293548e+01
8.467770528397142016e+01
8.470311202681014606e+01
8.472797080348863119e+01
8.475229751515361443e+01
8.510111486933537606e+01
8.512248820443889485e+01
8.514339777347224469e+01
8.516385952162738704e+01
8.518388932491302512e+01
8.520350298447894488e+01
8.522271622109472844e+01
8.524154466978369271e+01
8.526000387461094476e+01
8.527810928362467280e+01
8.529587624394989120e+01
8.531331999703439806e+01
8.533045567404440135e+01
8.563875579637755209e+01
8.565365560796139732e+01
8.566831524145135290e+01
8.568274931840451814e+01
8.569697231701834994e+01
8.571099856867688516e+01
8.572484225463695395e+01
8.573851740285296330e+01
8.575203788493578827e+01
8.576541741324632540e+01
8.578105749825142823e+01
8.580040205200992887e+01
8.581953196416118601e+01
8.583845870167372993e+01
8.611601625880261679e+01
8.613297662427316936e+01
8.614978740360730569e+01
8.616645951276765913e+01
8.618300373465123698e+01
8.619943071719895045e+01
8.621575097159650625e+01
8.623197487056455657e+01
8.624811264673624578e+01
8.626417439112140073e+01
8.628017005165412456e+01
8.629610943182409244e+01
8.631200218938752755e+01
8.632785783515831213e+01
8.634368573187551021e+01
8.635949509314758643e+01
8.637529498246954063e+01
8.639109431231285896e+01
8.640690184328580870e+01
8.664426703825641596e+01
8.665889983099802407e+01
8.667358370569212411e+01
8.668832658760037191e+01
8.670313624258164964e+01
8.671802027680995195e+01
8.673298613654752387e+01
8.674804110797262524e+01
8.676319231705956270e+01
8.677844672950988070e+01
8.679381115073294950e+01
8.680929222587397476e+01
8.682489643988921557e+01
8.684063011766505724e+01
8.685649942418081082e+01
8.687251036471376153e+01
8.708272603777606946e+01
8.709809828693863665e+01
8.711364276889602820e+01
8.712936456875686986e+01
8.714526861194595142e+01
8.716135966475280838e+01
8.717764233490989056e+01
8.719412107219987718e+01
8.721080016908973676e+01
8.722768376139147506e+01
8.724477582894833461e+01
8.726208019634461266e+01
8.727960053363885606e+01
8.729734035711936713e+01
8.731530303008027261e+01
8.733349176361855370e+01
8.735190961744950755e+01
8.754078466230603794e+01
8.755894743040677497e+01
8.757735594187256822e+01
8.759601235668782238e+01
8.761491868822564300e+01
8.763407680423817681e+01
8.765348842785837746e+01
8.767315513861355214e+01
8.769307837344821621e+01
8.771325942775756346e+01
8.773369945643031542e+01
8.775439947489941517e+01
8.777536036020156018e+01
8.779658285204496337e+01
8.781806755388279839e+01
8.783981493399491569e+01
8.786182532657522870e+01
8.803400422976113759e+01
8.805594456430343087e+01
8.807815110331559083e+01
8.810062336820966777e+01
8.812336075355165121e+01
8.814636252822593576e+01
8.816962783660216019e+01
8.819315569970524393e+01
8.821694501638759789e+01
8.824099456450333889e+01
8.826530300208484903e+01
8.828986886852158023e+01
8.831469058573964048e+01
8.833976645938403749e+01
8.836509468000181755e+01
8.839067332422700929e+01
8.841650035596660473e+01
8.844257362758762042e+01
8.846889088110630439e+01
8.862584729393920213e+01
8.865207764799721701e+01
8.867854209239425245e+01
8.870523769475417453e+01
8.873216142090743119e+01
8.875931013611500475e+01
8.878668060629244962e+01
8.881426949923485381e+01
8.884207338584251090e+01
8.887008874134677683e+01
8.889831194653758928e+01
8.892673928899064606e+01
8.895536696429672929e+01
8.898419107729117172e+01
8.901320764328450252e+01
8.904241258929442893e+01
8.907180175527889787e+01
8.910137089537015243e+01
8.913111567911123245e+01
8.916103169269240425e+01
8.919111444019038970e+01
8.922135934480867547e+01
8.936089664303217717e+01
8.939079192020626863e+01
8.942082770392519819e+01
8.945099893063502350e+01
8.948130046538257432e+01
8.951172710308804881e+01
8.954227356981945718e+01
8.957293452406996437e+01
8.960370455803681011e+01
8.963457819890312805e+01
8.966554991012223752e+01
8.969661409270479169e+01
8.972776508650834160e+01
8.975899717152947233e+01
8.979030456920004610e+01
8.982168144368480966e+01
8.985312190318302328e+01
8.988462000123351459e+01
8.991616973802176460e+01
8.994776506169149854e+01
8.997939986965873516e+01
9.009722143822057205e+01
9.012807983888266961e+01
9.015894860508689135e+01
9.018982134853789034e+01
9.022069164049462131e+01
9.025155301311781386e+01
9.028239896082087057e+01
9.031322294162426090e+01
9.034401837851282835e+01
9.037477866079662192e+01
9.040549714547439919e+01
9.043616715860096633e+01
9.046678199665704767e+01
9.049733492792275058e+01
9.052781919385375886e+01
9.055822801046069515e+01
9.058855456969132547e+01
9.061879204081574812e+01
9.064893357181423994e+01
9.067897229076808685e+01
9.070890130725270240e+01
9.073871371373340367e+01
9.076840258696402941e+01
9.085525693243779699e+01
9.088359420781056031e+01
9.091177541571369147e+01
9.093979358279847247e+01
9.096764173084707750e+01
9.099531287818146552e+01
9.102280004107281286e+01
9.105009623515142891e+01
9.107719447681729719e+01
9.110408778465058788e+01
9.113076918082246891e+01
9.115723169250557589e+01
9.118346835328425470e+01
9.120947220456392301e+01
9.123523629697984916e+01
9.126075369180469465e+01
9.128601746235477776e+01
9.131102069539487331e+01
9.133575649254103723e+01
9.136021797166132785e+01
9.138439826827449508e+01
9.140829053694554318e+01
9.145647249642625809e+01
9.147845083865530569e+01
9.150011017866759744e+01
9.152144384932005039e+01
9.154244521296840276e+01
9.156310766281889357e+01
9.158342462427400221e+01
9.160338955627248936e+01
9.162299595262275886e+01
9.164223734333030791e+01
9.166110729591736117e+01
9.167959941673630908e+01
9.169770735227437797e+01
9.171542479045143637e+01
9.173274546190872059e+01
9.174966314128937483e+01
9.176617164851006692e+01
9.178226485002281265e+01
9.179793666006787589e+01
9.181318104191579721e+01
9.182799200909967396e+01
9.184236362663686748e+01
9.185629001223858836e+01
9.186976533750961948e+01
9.188278382913460973e+01
9.189533977005378063e+01
9.190742750062480582e+01
9.189938266443550674e+01
9.190898335374154726e+01
9.191809259803001453e+01
9.192670515500752515e+01
9.193481584784620964e+01
9.194241956621480938e+01
9.194951126729328905e+01
9.195608597677210128e+01
9.196213878983427037e+01
9.196766487212131835e+01
9.197265946068253584e+01
9.197711786490589247e+01
9.198103546743222125e+01
9.198440772505136920e+01
9.198723016958007292e+01
9.198949840872062111e+01
9.199120812690240712e+01
9.199235508610252054e+01
9.199293512664856109e+01
9.199294416800077556e+01
9.199237820951512390e+01
9.199123333118558321e+01
9.198950569436674130e+01
9.198719154247517338e+01
9.198428720167058259e+01
9.198078908151543942e+01
9.197669367561361753e+01
9.190511898399098811e+01
9.189821498907487296e+01
9.506120182040335465e+01
9.505046393579080188e+01
9.503907406648797007e+01
9.502702935090611902e+01
9.501432702332851932e+01
9.500096441431638539e+01
9.498693895108930008e+01
9.497224815788084129e+01
9.495688965626838751e+01
9.494086116547785537e+01
9.492416050266253080e+01
9.490678558315657654e+01
9.488873442070283204e+01
9.487000512765480664e+01
9.485059591515319255e+01
9.483050509327645727e+01
9.480973107116555809e+01
9.478827235712321908e+01
9.476612755868747229e+01
9.474329538267932094e+01
9.471977463522449625e+01
9.469556422175044474e+01
9.467066314695679807e+01
9.464507051476098809e+01
9.461878552821825394e+01
9.459180748941628281e+01
9.443763322044620168e+01
9.440769715579867238e+01
9.437707317416204944e+01
9.434576119863361043e+01
9.431376124907751546e+01
9.428107344180968141e+01
9.424769798925970576e+01
9.421363519960870292e+01
9.417888547640453112e+01
9.414344931815359985e+01
9.410732731789033778e+01
9.407052016272398021e+01
9.403302863336311646e+01
9.399485360361849473e+01
9.395599603988380011e+01
9.391645700059531521e+01
9.387623763567036406e+01
9.383533918592476653e+01
9.379376298246990018e+01
9.375151044608986695e+01
9.370858308659791192e+01
9.366498250217408383e+01
9.362071037868346934e+01
9.357576848897512889e+01
9.353015869216302747e+01
9.331994220738461365e+01
9.327172408443831841e+01
9.322285605768900041e+01
9.317334049196900025e+01
9.312317983187131176e+01
9.307237660089380427e+01
9.302093340056954673e+01
9.296885290958181258e+01
9.291613788286556996e+01
9.286279115069538648e+01
9.280881561775991884e+01
9.275421426222408172e+01
9.269899013477819949e+01
9.264314635767567552e+01
9.258668612375930707e+01
9.252961269547584777e+01
9.247192940388060833e+01
9.241363964763110062e+01
9.235474689197140208e+01
9.229525466770698472e+01
9.223516657017026432e+01
9.217448625817779373e+01
9.211321745297939856e+01
9.205136393719953958e+01
9.198892955377124281e+01
9.192591820486322263e+01
9.186233385080066682e+01
9.179818050898001047e+01
9.173346225277792598e+01
9.166818321045528251e+01
9.160234756405613155e+01
9.153595954830274195e+01
9.146902344948640007e+01
9.140154360435458614e+01
9.133352439899525166e+01
9.126497026771841092e+01
9.119588569193524563e+01
9.112627519903530526e+01
9.085516822666984638e+01
9.078384824398906972e+01
9.071203229226787812e+01
9.063972511953755884e+01
9.056693151120454388e+01
9.049365628893691849e+01
9.041990430955306124e+01
9.034568046391186158e+01
9.027098967580585054e+01
9.019583690085619310e+01
9.012022712541192959e+01
9.004416536545114980e+01
8.996765666548715501e+01
8.989070609747776075e+01
8.981331875973927481e+01
8.973549977586513648e+01
8.965725429364935906e+01
8.957858748401518767e+01
8.949950453994939892e+01
8.942001067544222792e+01
8.934011112443349134e+01
8.925981113976504844e+01
8.917911599213974227e+01
8.909803096908744635e+01
8.901656137393774770e+01
8.893471252480071598e+01
8.885248975355465006e+01
8.876989840484178274e+01
8.847708124105005822e+01
8.839360787415444065e+01
8.830979807691740291e+01
8.822565720304046977e+01
8.814119061185948567e+01
8.805640366742338188e+01
8.797130173758205274e+01
8.788589019308430750e+01
8.780017440668582651e+01
8.771415975226670980e+01
8.762785160395995376e+01
8.754125533528929282e+01
8.745437631831846659e+01
8.736721992281050575e+01
8.727979151539757652e+01
8.719209645876247805e+01
8.710414011082991692e+01
8.701592782396960502e+01
8.692746494421021453e+01
8.683875681046450268e+01
8.674980875376552092e+01
8.666062609651477544e+01
8.657121415174086110e+01
8.648157822237045878e+01
8.639172360051037458e+01
8.630165556674134564e+01
8.621137938942315770e+01
8.612090032401199835e+01
8.603022361238893723e+01
8.593935448220057083e+01
8.584829814621102173e+01
8.575705980166628706e+01
8.566564462966945825e+01
8.557405779456890116e+01
8.548230444335735001e+01
8.539038970508309490e+01
8.529831869027300684e+01
8.520609649036722999e+01
8.511372817716603834e+01
8.502121880228776263e+01
8.472984272025716734e+01
8.463753656180810481e+01
8.454511730569797123e+01
8.445258982215298715e+01
8.435995895787418419e+01
8.426722953559657014e+01
8.417440635365966273e+01
8.408149418558936361e+01
8.398849777969084585e+01
8.389542185865252577e+01
8.380227111916131832e+01
8.370905023152835156e+01
8.361576383932599299e+01
8.352241655903567619e+01
8.342901297970594499e+01
8.333555766262192321e+01
8.324205514098470360e+01
8.314850991960140902e+01
8.305492647458584088e+01
8.296130925306907500e+01
8.286766267292087207e+01
8.277399112248019719e+01
8.268029896029683812e+01
8.258659051488220371e+01
8.249287008447032576e+01
8.239914193678839638e+01
8.230541030883694020e+01
8.221167940667974960e+01
8.211795340524274422e+01
8.202423644812246550e+01
8.193053264740397879e+01
8.183684608348720246e+01
8.174318080492271577e+01
8.164954082825646253e+01
8.155593013788283940e+01
8.146235268590658052e+01
8.136881239201339611e+01
8.127531314334866863e+01
8.118185879440460440e+01
8.108845316691551375e+01
8.099510004976117727e+01
8.090180319887811322e+01
8.080856633717866089e+01
8.071539315447787999e+01
8.062228730742778282e+01
8.052925241945938239e+01
8.027771787187859331e+01
8.018580870070806554e+01
8.009398894906418320e+01
8.000226200416726385e+01
7.991063122014624298e+01
7.981909991803715343e+01
7.972767138578848289e+01
7.963634887827200259e+01
7.954513561730003346e+01
7.945403479164872351e+01
7.936304955708678222e+01
7.927218303641031127e+01
7.918143831948295031e+01
7.909081846328159315e+01
7.900032649194757539e+01
7.890996539684280719e+01
7.881973813661137740e+01
7.872964763724618820e+01
7.863969679215996678e+01
7.854988846226176236e+01
7.846022547603787700e+01
7.837071062963703127e+01
7.828134668696077370e+01
7.819213637975748554e+01
7.810308240772113209e+01
7.801418743859383653e+01
7.792545410827302987e+01
7.783688502092186923e+01
7.774848274908407575e+01
7.766024983380216895e+01
7.757218878473962320e+01
7.748430208030626432e+01
7.739659216778736095e+01
7.730906146347597030e+01
7.722171235280860913e+01
7.713454719050402275e+01
7.704756830070486728e+01
7.696077797712274560e+01
7.687417848318590075e+01
7.678777205218946733e+01
7.670156088744903400e+01
7.661554716245603913e+01
7.652973302103650610e+01
7.644412057751149803e+01
7.635871191686051418e+01
7.627350909488657749e+01
7.618851413838414999e+01
7.610372904530852622e+01
7.601915578494784143e+01
7.583823603926921919e+01
7.575533443736179606e+01
7.567265352630522557e+01
7.559019508888857786e+01
7.550796088078672597e+01
7.542595263074346690e+01
7.534417204075630536e+01
7.526262078626213281e+01
7.518130051632432753e+01
7.510021285382075007e+01
7.501935939563306022e+01
7.493874171283704300e+01
7.485836135089330412e+01
7.477821982983982707e+01
7.469831864448431702e+01
7.461865926459809373e+01
7.453924313511012656e+01
7.446007167630213530e+01
7.438114628400400363e+01
7.430246832978980365e+01
7.422403916117427514e+01
7.414586010180980225e+01
7.406793245168375961e+01
7.399025748731608587e+01
7.391283646195711299e+01
7.383567060578593555e+01
7.375876112610852431e+01
7.368210920755616655e+01
7.360571601228423333e+01
7.352958268017052035e+01
7.345371032901395836e+01
7.332803333224342168e+01
7.325398889877379816e+01
7.318020970231250999e+01
7.310669672325751378e+01
7.303345092153607254e+01
7.296047323679940177e+01
7.288776458861752872e+01
7.281532587667327050e+01
7.274315798095609864e+01
7.267126176195529297e+01
7.259963806085299609e+01
7.252576602285803631e+01
7.245002743221789387e+01
7.237457353164869289e+01
7.229940526491934349e+01
7.222452355428906401e+01
7.214992930072794763e+01
7.207562338413612224e+01
7.200160666356329386e+01
7.192787997742651385e+01
7.185444414372804545e+01
7.178129996027188042e+01
7.170844820488017035e+01
7.163588963560778211e+01
7.156362499095718022e+01
7.149165499009163227e+01
7.141998033304773230e+01
7.134860170094719933e+01
7.127751975620756753e+01
7.120673514275172522e+01
7.113624848621668662e+01
7.106606039416161025e+01
7.099617145627419745e+01
7.092658224457606764e+01
7.085729331362797723e+01
7.078830520073282173e+01
7.071961842613781357e+01
7.065123349323607727e+01
7.058315088876658194e+01
7.051537108301305068e+01
7.044789453000132085e+01
7.038072166769647708e+01
7.031385291819776739e+01
7.024728868793262393e+01
7.018102936784993062e+01
7.011507533361120181e+01
7.004942694578112139e+01
6.998408455001660400e+01
6.991904847725469097e+01
6.985431904389898250e+01
6.978989655200477671e+01
6.972578128946300069e+01
6.966197353018304739e+01
6.959847353427367977e+01
6.953528154822323870e+01
6.947239780507811702e+01
6.940982252462011104e+01
6.934755591354222304e+01
6.928559816562331264e+01
6.922394946190129872e+01
6.916260997084469864e+01
6.910157984852374113e+01
6.904085923877876496e+01
6.898044827338840435e+01
6.892034707223577072e+01
6.886055574347322761e+01
6.880107438368648332e+01
6.874190307805635314e+01
6.868304190051955516e+01
6.862449091392855394e+01
6.856625017020931523e+01
6.850831971051792380e+01
6.845069956539593647e+01
6.839338975492451311e+01
6.833639028887648692e+01
6.827970116686786639e+01
6.822332237850748982e+01
6.816725390354528713e+01
6.811149571201920594e+01
6.805604776440125647e+01
6.800091001174128280e+01
6.794608239581009457e+01
6.789156484924087920e+01
6.783735729566934936e+01
6.778345964987263983e+01
6.772987181790654176e+01
6.767659369724184160e+01
6.762362517689875574e+01
6.757096613758054104e+01
6.751861645180538574e+01
6.746657598403722034e+01
6.741484459081516434e+01
6.736342212088132442e+01
6.731230841530772580e+01
6.726150330762179408e+01
6.721100662393034497e+01
6.716081818304223816e+01
6.711093779659040592e+01
6.706136526915136642e+01
6.701210039836470855e+01
6.696314297505058732e+01
6.691449278332621020e+01
6.686614960072057556e+01
6.681811319828879903e+01
6.686348291935762234e+01
6.681731952574473610e+01
6.677146056864503976e+01
6.672590578609060685e+01
6.668065491043626025e+01
6.663570766846321192e+01
6.659106378148010208e+01
6.654672296542408105e+01
6.650268493095992994e+01
6.645894938357838555e+01
6.641551602369322893e+01
6.637238454673735077e+01
6.632955464325728201e+01
6.628702599900709913e+01
6.624479829504100792e+01
6.620287120780469081e+01
6.616124440922561689e+01
6.611991756680242815e+01
6.607889034369313208e+01
6.603816239880194416e+01
6.599773338686549096e+01
6.595760295853796151e+01
6.591777076047439721e+01
6.587823643541432261e+01
6.583899962226277580e+01
6.580005995617183601e+01
6.576141706861972125e+01
6.572307058748998543e+01
6.568502013714898169e+01
6.564726533852285684e+01
6.560980580917301097e+01
6.557264116337111659e+01
6.553577101217265977e+01
6.549919496349009762e+01
6.546291262216439577e+01
6.542692359003615366e+01
6.539122746601556457e+01
6.535582384615132412e+01
6.532071232369904124e+01
6.528589248918805765e+01
6.525136393048816785e+01
6.521712623287460531e+01
6.518317897909295766e+01
6.514952174942236240e+01
6.511615412173875939e+01
6.508307567157631013e+01
6.505028597218858977e+01
6.501778459460894055e+01
6.498557110770953216e+01
6.495364507825993883e+01
6.492200607098486387e+01
6.489065364862092622e+01
6.485958737197263702e+01
6.482880679996792139e+01
6.479831148971202026e+01
6.476810099654164787e+01
6.473817487407754356e+01
6.470853267427663980e+01
6.467917394748349125e+01
6.482002667503456905e+01
6.479238278479492408e+01
6.476501924283705591e+01
6.473793559472061077e+01
6.471113138471852722e+01
6.468460615586171514e+01
6.465835944998367779e+01
6.463439430934789698e+01
6.461214491827577433e+01
6.459015664479824181e+01
6.456842903569027214e+01
6.454696163710930534e+01
6.452575399462652683e+01
6.450480565325749183e+01
6.448411615749273551e+01
6.446368505132718951e+01
6.444351187828961258e+01
6.442359618147138178e+01
6.440393750355465841e+01
6.438453538684024124e+01
6.436538937327490828e+01
6.434649900447828941e+01
6.432786382176900020e+01
6.430948336619093197e+01
6.429135717853847609e+01
6.427348479938149239e+01
6.425586576908997927e+01
6.423849962785808998e+01
6.422138591572793587e+01
6.420452417261270739e+01
6.418791393831946834e+01
6.417155475257173691e+01
6.415544615503118564e+01
6.413958768531936983e+01
6.412397888303893012e+01
6.410861928779418406e+01
6.409350843921150442e+01
6.407864587695944181e+01
6.406403114076800875e+01
6.404966377044810599e+01
6.403554330591009602e+01
6.402166928718249039e+01
6.400804125442969905e+01
6.399465874796992182e+01
6.398152130829234352e+01
6.396862847607417280e+01
6.395597979219716933e+01
6.394357479776397923e+01
6.393141303411387355e+01
6.391949404283846548e+01
6.390781736579693728e+01
6.389638254513070592e+01
6.388518912327823784e+01
6.387423664298913195e+01
6.386352464733809597e+01
6.385305267973845389e+01
6.384282028395540465e+01
6.383282700411908905e+01
6.382307238473723032e+01
6.381355597070723462e+01
6.380427730732864688e+01
6.379523594031455502e+01
6.378643141580319309e+01
6.377786328036913233e+01
6.376953108103402457e+01
6.376143436527739539e+01
6.375357268104681907e+01
6.399173457569633428e+01
6.398533336165178298e+01
6.397916421412632815e+01
6.397322668590188499e+01
6.396752033026144346e+01
6.396204470099716843e+01
6.395679935241804515e+01
6.395178383935787991e+01
6.394699771718224213e+01
6.394244054179579706e+01
6.393811186964924786e+01
6.393401125774582283e+01
6.393013826364786212e+01
6.392649244548285026e+01
6.392307336194957657e+01
6.391988057232379816e+01
6.391691363646376800e+01
6.391417211481554972e+01
6.391165556841826856e+01
6.390936355890885068e+01
6.390729564852675537e+01
6.390545140011858649e+01
6.390383037714223491e+01
6.390243214367106361e+01
6.390125626439782280e+01
6.390030230463823102e+01
6.389956983033467708e+01
6.389905840805932513e+01
6.389876760501752528e+01
6.389869698905052786e+01
6.389884612863831137e+01
6.389921459290231098e+01
6.389980195160770648e+01
6.390060777516573154e+01
6.390163163463571294e+01
6.390287310172698909e+01
6.390433174880062239e+01
6.390600714887100509e+01
6.390789887560735139e+01
6.391000650333473487e+01
6.391232960703531063e+01
6.391486776234940237e+01
6.391762054557587192e+01
6.392058753367312107e+01
6.392376830425949663e+01
6.392716243561348222e+01
6.393076950667398251e+01
6.393458909704033033e+01
6.393862078697220142e+01
6.394286415738942253e+01
6.394731878987143148e+01
6.395198426665693603e+01
6.395686017064314655e+01
6.396194608538504411e+01
6.396724159509443552e+01
6.397274628463892299e+01
6.397845973954073884e+01
6.398438154597543104e+01
6.399051129077044919e+01
6.399684856140351030e+01
6.400339294600118478e+01
6.401014403333682878e+01
6.401710141282880784e+01
6.402426467453851444e+01
6.403163340916813695e+01
6.403920720805861322e+01
6.404698566318698738e+01
6.405496836716416453e+01
6.406315491323231015e+01
6.407154489526213581e+01
6.408013790775011387e+01
6.408893354581559265e+01
6.409793140519791166e+01
6.442546836625677997e+01
6.443574179659457002e+01
6.444621475136483468e+01
6.445688682903789868e+01
6.446775762864457704e+01
6.447882674977216766e+01
6.449009379256074226e+01
6.450155835769915313e+01
6.451322004642115360e+01
6.452507846050106366e+01
6.453713320224976258e+01
6.454938387451041137e+01
6.456183008065401907e+01
6.457447142457513678e+01
6.458730751068723919e+01
6.460033794391824813e+01
6.461356232970584301e+01
6.462698027399265754e+01
6.464059138322166120e+01
6.465439526433110018e+01
6.466839152474960883e+01
6.468257977239126433e+01
6.469695961565048492e+01
6.471153066339680038e+01
6.472629252496966501e+01
6.474124481017324229e+01
6.475638712927103313e+01
6.477171909298043317e+01
6.478724031246723314e+01
6.480295039934021872e+01
6.481884896564544363e+01
6.483493562386057363e+01
6.485120998688934435e+01
6.486767166805559270e+01
6.488432028109750149e+01
6.490115544016175875e+01
6.491817675979764601e+01
6.493538385495097032e+01
6.495277634095802455e+01
6.497035383353953364e+01
6.498811594879461495e+01
6.500606230319434076e+01
6.502419251357564178e+01
6.504250619713509707e+01
6.506100297142248223e+01
6.507968245433434618e+01
6.509854426410774408e+01
6.511758801931357254e+01
6.513681333885024571e+01
6.515621984193695937e+01
6.517580714810713971e+01
6.519557487720194899e+01
6.521552264936339327e+01
6.523565008502767171e+01
6.525595680491839801e+01
6.527644243003987867e+01
6.529710658167017812e+01
6.531794888135428323e+01
6.533896895089718271e+01
6.536016641235691793e+01
6.538154088803757702e+01
6.540309200048243099e+01
6.542481937246645884e+01
6.544672262698995269e+01
6.546880138727067333e+01
6.549105527673717120e+01
6.551348391902152457e+01
6.553608693795199258e+01
6.555886395754589557e+01
6.558181460200248125e+01
6.560493849569523661e+01
6.562823526316496725e+01
6.565170452911229404e+01
6.567534591839026348e+01
6.608148859635024053e+01
6.610622291751060686e+01
6.613112660355889716e+01
6.615619927633031239e+01
6.618144055772596346e+01
6.620685006970528264e+01
6.623242743427826440e+01
6.625817227349820371e+01
6.628408420945397950e+01
6.631016286426256556e+01
6.633640786006127144e+01
6.636281881900042379e+01
6.638939536323537993e+01
6.641613711491926608e+01
6.644304369619491979e+01
6.647011472918747188e+01
6.649734983599670102e+01
6.652474863868914667e+01
6.655231075929050633e+01
6.658003581977791896e+01
6.660792344207217752e+01
6.663597324803001243e+01
6.666418485943637506e+01
6.669255789799659340e+01
6.672109198532861285e+01
6.674978674295523717e+01
6.677864179229644037e+01
6.680765675466126652e+01
6.683683125124032642e+01
6.686616490309782534e+01
6.689565733116384649e+01
6.692530815622643559e+01
6.695511699892367119e+01
6.698508347973604771e+01
6.701520721897863098e+01
6.704548783679292967e+01
6.707592495313934933e+01
6.710651818778910638e+01
6.713726716031665376e+01
6.716817149009153809e+01
6.719923079627069740e+01
6.723044469779058829e+01
6.726181281335925632e+01
6.729333476144856263e+01
6.732501016028626850e+01
6.735683862784821940e+01
6.738881978185045796e+01
6.742095323974133692e+01
6.745323861869371740e+01
6.748567553559718135e+01
6.751826360705001662e+01
6.755100244935144360e+01
6.758389167849389878e+01
6.761693091015501977e+01
6.765011975968987201e+01
6.768345784212316119e+01
6.771694477214148833e+01
6.775058016408526385e+01
6.778436363194114733e+01
6.781829478933426003e+01
6.785237324952022675e+01
6.788659862537743095e+01
6.792097052939936930e+01
6.795548857368667939e+01
6.799015236993973588e+01
6.802496152945035135e+01
6.805991566309448615e+01
6.809501438132446083e+01
6.813025729416101228e+01
6.816564401118583305e+01
6.820117414153379798e+01
6.823684729388504877e+01
6.827266307645781751e+01
6.830862109700028384e+01
6.834472096278322795e+01
6.838096228059225723e+01
6.841734465672027454e+01
6.845386769695981855e+01
6.849053100659546089e+01
6.852733419039638818e+01
6.856427685260858595e+01
6.860135859694752014e+01
6.863857902659053423e+01
6.867593774416937435e+01
6.871343435176251546e+01
6.875106845088799901e+01
6.878883964249594385e+01
6.882674752696063081e+01
6.886479170407379513e+01
6.890297177303669685e+01
6.894128733245307217e+01
6.897973798032151649e+01
6.901832331402837895e+01
6.905704293034027330e+01
6.909589642539690146e+01
6.913488339470372068e+01
6.962232965468153623e+01
6.966213616819362642e+01
6.970207267732692458e+01
6.974213876679684176e+01
6.978233402061100321e+01
6.982265802206201499e+01
6.986311035372108336e+01
6.990369059743063929e+01
6.994439833429784414e+01
6.998523314468771162e+01
7.002619460821625808e+01
7.006728230374388033e+01
7.010849580936860548e+01
7.014983470241932650e+01
7.019129855944929375e+01
7.023288695622944999e+01
7.027459946774180821e+01
7.031643566817274404e+01
7.035839513090685671e+01
7.040047742852021884e+01
7.044268213277379687e+01
7.048500881460732614e+01
7.052745704413270289e+01
7.057002639062768878e+01
7.061271642252954450e+01
7.065552670742881958e+01
7.069845681206314225e+01
7.074150630231071091e+01
7.078467474318435393e+01
7.082796169882546167e+01
7.087136673249760577e+01
7.091488940658057061e+01
7.095852928256449843e+01
7.100228592104353709e+01
7.104615888171016991e+01
7.109014772334916188e+01
7.113425200383169056e+01
7.117847128010943436e+01
7.122280510820905874e+01
7.126725304322589238e+01
7.131181463931879705e+01
7.135648944970412799e+01
7.140127702665012066e+01
7.144617692147140531e+01
7.149118868452339370e+01
7.153631186519669427e+01
7.158154601191164090e+01
7.162689067211304916e+01
7.167234539226463141e+01
7.171790971784363933e+01
7.176358319333560587e+01
7.180936536222937150e+01
7.185525576701118666e+01
7.190125394916029222e+01
7.194735944914343406e+01
7.199357180640969034e+01
7.203989055938573927e+01
7.208631524547061531e+01
7.213284540103099118e+01
7.217948056139606194e+01
7.222622026085296909e+01
7.227306403264182677e+01
7.232001140895098956e+01
7.236706192091251921e+01
7.241421509859738137e+01
7.246147047101088390e+01
7.250882756608820046e+01
7.255628591068990829e+01
7.260384503059739814e+01
7.265150445050863937e+01
7.269926369403378885e+01
7.274712228369095612e+01
7.279507974090186906e+01
7.284313558598793747e+01
7.289128933816573408e+01
7.293954051554341333e+01
7.298788863511627767e+01
7.303633321276302581e+01
7.308487376324198692e+01
7.313350980018691416e+01
7.318224083610347463e+01
7.323106638236552612e+01
7.327998594921123754e+01
7.332899904573973515e+01
7.337810517990720882e+01
7.342730385852379982e+01
7.347659458724984916e+01
7.352597687059258647e+01
7.357545021190301782e+01
7.362501411337234458e+01
7.367466807602893653e+01
7.372441159973506331e+01
7.377424418318403809e+01
7.382416532389697750e+01
7.387417451821990255e+01
7.392427126132088233e+01
7.397445504718713494e+01
7.402472536862221375e+01
7.407508171724344948e+01
7.412552358347916481e+01
7.417605045656615914e+01
7.422666182454705108e+01
7.427735717426810425e+01
7.432813599137648453e+01
7.437899776031817112e+01
7.442994196433562593e+01
7.448096808546560510e+01
7.453207560453694214e+01
7.458326400116865784e+01
7.463453275376782869e+01
7.468588133952769681e+01
7.523099807963285457e+01
7.528272610545569421e+01
7.533452898005005238e+01
7.538640616543948170e+01
7.543835712243183877e+01
7.549038131061792001e+01
7.554247818837067996e+01
7.559464721284460609e+01
7.564688783997462451e+01
7.569919952447543210e+01
7.575158171984102751e+01
7.580403387834405748e+01
7.585655545103523423e+01
7.590914588774316485e+01
7.596180463707375452e+01
7.601453114641002173e+01
7.606732486191202725e+01
7.612018522851661828e+01
7.617311168993742854e+01
7.622610368866496344e+01
7.627916066596672806e+01
7.633228206188719867e+01
7.638546731524849065e+01
7.643871586365030169e+01
7.649202714347057963e+01
7.654540058986596307e+01
7.659883563677237817e+01
7.665233171690556446e+01
7.670588826176202701e+01
7.675950470161973271e+01
7.681318046553897716e+01
7.686691498136339362e+01
7.692070767572106149e+01
7.697455797402558630e+01
7.702846530047729345e+01
7.708242907806450717e+01
7.713644872856509949e+01
7.719052367254771241e+01
7.724465332937346318e+01
7.729883711719752171e+01
7.735307445297073059e+01
7.740736475244148096e+01
7.746170743015765936e+01
7.751610189946836726e+01
7.757054757252616639e+01
7.762504386028911085e+01
7.767959017252287879e+01
7.773418591780321663e+01
7.778883050351826967e+01
7.784352333587082740e+01
7.789826381988112303e+01
7.795305135938927776e+01
7.800788535705822824e+01
7.806276521437614235e+01
7.811769033165971621e+01
7.817266010805687415e+01
7.822767394154976728e+01
7.828273122895818403e+01
7.833783136594242080e+01
7.839297374700700516e+01
7.844815776550359487e+01
7.850338281363484327e+01
7.855864828245775300e+01
7.861395356188751293e+01
7.866929804070095145e+01
7.872468110654070017e+01
7.878010214591873250e+01
7.883556054422074055e+01
7.889105568571002891e+01
7.894658695353153632e+01
7.900215372971649685e+01
7.905775539518626260e+01
7.911339132975740540e+01
7.916906091214555374e+01
7.922476351997043764e+01
7.928049852976050715e+01
7.933626531695767881e+01
7.939206325592222413e+01
7.944789171993771504e+01
7.950375008121613973e+01
7.955963771090304704e+01
7.961555397908270493e+01
7.967149825478351488e+01
7.972746990598334094e+01
7.978346829961509457e+01
7.983949280157226269e+01
7.989554277671470572e+01
7.995161758887418557e+01
8.000771660086049053e+01
8.006383917446724752e+01
8.011998467047801853e+01
8.017615244867231183e+01
8.023234186783192001e+01
8.028855228574734326e+01
8.034478305922377217e+01
8.040103354408813630e+01
8.045730309519512957e+01
8.051359106643431574e+01
8.056989681073662268e+01
8.062621968008130580e+01
8.068255902550286862e+01
8.073891419709802619e+01
8.079528454403288151e+01
8.085166941455020151e+01
8.090806815597642299e+01
8.096448011472948281e+01
8.102090463632590911e+01
8.107734106538855201e+01
8.113378874565424326e+01
8.119024701998139903e+01
8.124671523035812015e+01
8.130319271790983748e+01
8.135967882290746900e+01
8.141617288477543468e+01
8.147267424209996989e+01
8.152918223263721131e+01
8.158569619332183720e+01
8.164221546027518173e+01
8.169873936881415943e+01
8.224475036075435241e+01
8.230099966646388054e+01
8.235724716101931620e+01
8.241349217186386511e+01
8.246973402576196577e+01
8.252597204880899540e+01
8.258220556644090493e+01
8.263843390344419504e+01
8.269465638396569318e+01
8.275087233152270016e+01
8.280708106901283827e+01
8.286328191872452464e+01
8.291947420234687627e+01
8.297565724098026863e+01
8.303183035514670962e+01
8.308799286480035562e+01
8.314414408933794221e+01
8.320028334760971234e+01
8.325640995792991816e+01
8.331252323808766391e+01
8.336862250535810404e+01
8.342470707651307293e+01
8.348077626783241101e+01
8.353682939511485017e+01
8.359286577368966675e+01
8.364888471842746753e+01
8.370488554375215529e+01
8.376086756365188535e+01
8.381683009169090326e+01
8.387277244102115503e+01
8.392869392439395426e+01
8.398459385417176293e+01
8.404047154234004324e+01
8.409632630051920898e+01
8.415215743997676157e+01
8.420796427163918452e+01
8.426374610610429272e+01
8.431950225365334006e+01
8.437523202426346813e+01
8.443093472761999863e+01
8.448660967312888204e+01
8.454225616992945902e+01
8.459787352690690909e+01
8.465346105270486987e+01
8.470901805573832632e+01
8.476454384420641475e+01
8.482003772610539727e+01
8.487549900924156532e+01
8.493092700124414307e+01
8.498632100957873092e+01
8.504168034156029421e+01
8.509700430436646457e+01
8.515229220505081287e+01
8.520754335055619322e+01
8.526275704772849906e+01
8.531793260332990769e+01
8.537306932405245163e+01
8.542816651653191684e+01
8.548322348736134302e+01
8.553823954310497868e+01
8.559321399031195199e+01
8.564814613553048162e+01
8.570303528532141968e+01
8.575788074627278945e+01
8.581268182501347042e+01
8.586743782822765070e+01
8.592214806266888161e+01
8.597681183517443060e+01
8.603142845267956318e+01
8.608599722223215167e+01
8.614051745100680080e+01
8.619498844631968382e+01
8.624940951564289549e+01
8.630377996661923135e+01
8.635809910707678227e+01
8.641236624504367114e+01
8.646658068876291736e+01
8.652074174670727302e+01
8.657484872759397376e+01
8.662890094039997280e+01
8.668289769437660652e+01
8.673683829906498488e+01
8.679072206431082748e+01
8.684454830027978289e+01
8.689831631747246377e+01
8.695202542673990820e+01
8.700567493929864327e+01
8.705926416674628854e+01
8.711279242107666221e+01
8.716625901469534199e+01
8.721966326043529705e+01
8.727300447157200836e+01
8.732628196183947011e+01
8.737949504544542378e+01
8.743264303708726004e+01
8.748572525196756544e+01
8.753874100580986806e+01
8.759168961487439731e+01
8.764457039597375854e+01
8.769738266648910496e+01
8.775012574438571278e+01
8.780279894822879783e+01
8.785540159719975861e+01
8.790793301111199298e+01
8.796039251042678586e+01
8.801277941626956647e+01
8.806509305044578184e+01
8.811733273545721090e+01
8.816949779451768165e+01
8.822158755156972632e+01
8.827360133130042641e+01
8.832553845915762736e+01
8.837739826136636623e+01
8.842918006494497263e+01
8.848088319772141119e+01
8.853250698834938248e+01
8.858405076632506336e+01
8.863551386200299476e+01
8.868689560661282201e+01
8.873819533227523948e+01
8.878941237201910042e+01
8.884054605979696362e+01
8.889159573050213226e+01
8.894256071998493951e+01
8.899344036506927580e+01
8.904423400356878915e+01
8.909494097430381032e+01
8.914556061711748214e+01
8.919609227289252829e+01
8.924653528356756738e+01
8.929688899215378228e+01
8.934715274275144736e+01
8.939732588056655516e+01
8.944740775192708782e+01
8.949739770429989960e+01
8.954729508630708779e+01
8.959709924774259093e+01
8.964680953958892928e+01
8.969642531403337671e+01
8.974594592448501373e+01
8.979537072559098476e+01
8.984469907325311056e+01
8.989393032464452915e+01
8.994306383822623729e+01
8.999209897376360345e+01
9.004103509234293767e+01
9.008987155638806144e+01
9.013860772967684909e+01
9.018724297735775508e+01
9.023577666596622748e+01
9.028420816344133470e+01
9.033253683914233534e+01
9.038076206386494960e+01
9.042888320985792916e+01
9.047689965083959862e+01
9.052481076201421217e+01
9.057261592008831030e+01
9.062031450328731808e+01
9.066790589137175971e+01
9.071538946565367212e+01
9.076276460901297582e+01
9.081003070591380322e+01
9.085718714242078420e+01
9.090423330621534603e+01
9.095116858661191372e+01
9.099799237457422407e+01
9.104470406273151184e+01
9.109130304539448275e+01
9.113778871857191177e+01
9.118416047998624663e+01
9.123041772908999292e+01
9.127655986708178659e+01
9.132258629692221064e+01
9.136849642334988175e+01
9.141428965289767916e+01
9.145996539390803548e+01
9.150552305654943552e+01
9.155096205283199140e+01
9.159628179662310288e+01
9.164148170366361512e+01
9.168656119158308115e+01
9.173151967991572064e+01
9.177635659011619396e+01
9.182107134557469408e+01
9.186566337163310436e+01
9.191013209559997676e+01
9.195447694676633432e+01
9.234833557056396103e+01
9.239132404869235415e+01
9.243418362231471974e+01
9.247691374584088919e+01
9.251951387584384179e+01
9.256198347107439872e+01
9.260432199247570395e+01
9.264652890319786138e+01
9.268860366861201783e+01
9.273054575632525598e+01
9.277235463619447842e+01
9.281402978034095952e+01
9.285557066316417263e+01
9.289697676135627091e+01
9.293824755391592873e+01
9.297938252216228250e+01
9.302038114974895677e+01
9.306124292267800513e+01
9.310196732931323993e+01
9.314255386039441476e+01
9.318300200905044051e+01
9.322331127081336888e+01
9.326348114363136688e+01
9.330351112788252976e+01
9.334340072638782715e+01
9.338314944442464594e+01
9.342275678973986430e+01
9.346222227256268411e+01
9.350154540561807437e+01
9.354072570413927679e+01
9.357976268588085134e+01
9.361865587113142340e+01
9.365740478272621772e+01
9.369600894605983399e+01
9.373446788909851080e+01
9.377278114239277329e+01
9.381094823908956926e+01
9.384896871494466097e+01
9.388684210833454813e+01
9.392456796026877441e+01
9.396214581440173674e+01
9.399957521704463659e+01
9.403685571717713287e+01
9.407398686645930752e+01
9.411096821924284939e+01
9.414779933258296296e+01
9.418447976624952389e+01
9.422100908273837661e+01
9.425738684728290195e+01
9.429361262786463271e+01
9.432968599522455122e+01
9.436560652287406015e+01
9.440137378710565486e+01
9.443698736700358154e+01
9.447244684445486484e+01
9.450775180415926968e+01
9.454290183364018674e+01
9.457789652325456586e+01
9.461273546620338948e+01
9.464741825854189017e+01
9.468194449918901512e+01
9.471631378993797057e+01
9.475052573546558676e+01
9.478457994334208081e+01
9.481847602404084796e+01
9.485221359094759919e+01
9.488579226037001035e+01
9.491921165154676032e+01
9.495247138665686748e+01
9.498557109082857153e+01
9.501851039214824368e+01
9.505128892166932530e+01
9.508390631342105337e+01
9.511636220441670275e+01
9.514865623466252487e+01
9.518078804716584784e+01
9.521275728794333304e+01
9.524456360602907523e+01
9.527620665348288753e+01
9.530768608539767683e+01
9.533900155990787084e+01
9.537015273819649508e+01
9.540113928450325886e+01
9.543196086613143336e+01
9.546261715345563914e+01
9.549310781992883790e+01
9.552343254208952317e+01
9.555359099956827151e+01
9.558358287509524587e+01
9.561340785450641988e+01
9.564306562675038492e+01
9.567255588389471654e+01
9.570187832113245463e+01
9.573103263678825670e+01
9.576001853232456540e+01
9.578883571234744920e+01
9.581748388461286936e+01
9.584596276003188109e+01
9.587427205267661634e+01
9.590241147978586866e+01
9.593038076177003859e+01
9.595817962221693165e+01
9.598580778789641954e+01
9.601326498876581184e+01
9.604055095797433239e+01
9.606766543186843421e+01
9.609460814999579270e+01
9.612137885511037894e+01
9.614797729317645292e+01
9.617440321337291209e+01
9.620065636809766829e+01
9.622673651297128572e+01
9.625264340684105946e+01
9.627837681178468188e+01
9.630393649311393744e+01
9.632932221937825545e+01
9.635453376236776535e+01
9.637957089711697733e+01
9.640443340190761035e+01
9.642912105827164737e+01
9.645363365099409236e+01
9.647797096811599715e+01
9.650213280093676360e+01
9.652611894401667314e+01
9.654992919517945893e+01
9.657356335551423854e+01
9.659702122937774504e+01
9.662030262439630235e+01
9.664340735146758732e+01
9.666633522476251983e+01
9.668908606172639963e+01
9.671165968308105221e+01
9.673405591282553928e+01
9.675627457823769362e+01
9.677831550987494325e+01
9.680017854157557622e+01
9.682186351045920958e+01
9.684337025692776990e+01
9.686469862466570646e+01
9.688584846064092915e+01
9.690681961510459530e+01
9.692761194159164972e+01
9.694822529692052626e+01
9.696865954119353148e+01
9.698891453779617677e+01
9.700899015339720677e+01
9.702888625794780353e+01
9.704860272468137339e+01
9.706813943011252377e+01
9.708749625403638106e+01
9.710667307952756744e+01
9.712566979293920610e+01
9.714448628390155704e+01
9.716312244532080911e+01
9.732305075585369991e+01
9.733996119896542609e+01
9.735669126677393592e+01
9.737324088874673578e+01
9.738960999758438675e+01
9.740579852921791826e+01
9.742180642280548852e+01
9.743763362072941447e+01
9.745328006859246273e+01
9.746874571521469477e+01
9.748403051262982899e+01
9.749913441608148901e+01
9.751405738401921042e+01
9.752879937809504440e+01
9.754336036315896763e+01
9.755774030725490320e+01
9.757193918161647161e+01
9.758595696066268488e+01
9.759979362199308639e+01
9.761344914638357295e+01
9.762692351778133570e+01
9.764021672330007107e+01
9.765332875321507800e+01
9.766625960095808523e+01
9.767900926311214960e+01
9.769157773940622747e+01
9.770396503270980304e+01
9.771617114902740298e+01
9.772819609749298309e+01
9.774003989036394557e+01
9.775170254301561101e+01
9.776318407393482346e+01
9.777448450471426611e+01
9.778560386004615168e+01
9.779654216771585595e+01
9.780729945859536656e+01
9.781787576663720074e+01
9.782827112886737098e+01
9.783848558537889062e+01
9.784851917932473953e+01
9.785837195691129864e+01
9.786804396739094614e+01
9.787753526305496621e+01
9.788684589922669943e+01
9.789597593425352784e+01
9.790492542950008215e+01
9.791369444934024102e+01
9.792228306114988357e+01
9.793069133529864700e+01
9.793891934514260811e+01
9.794696716701595562e+01
9.795483488022313168e+01
9.796252256703076000e+01
9.797003031265923312e+01
9.797735820527447004e+01
9.798450633597956028e+01
9.799147479880620892e+01
9.799826369070603960e+01
9.800487311154209635e+01
9.801130316407979137e+01
9.801755395397835002e+01
9.802362558978146012e+01
9.802951818290864594e+01
9.803523184764570431e+01
9.804076670113568071e+01
9.804612286336949012e+01
9.805130045717666576e+01
9.805629960821555358e+01
9.806112044496397573e+01
9.806576309870953878e+01
9.807022770353968610e+01
9.807451439633217660e+01
9.807862331674482448e+01
9.808255460720585006e+01
9.808630841290343483e+01
9.808988488177598697e+01
9.809328416450145482e+01
9.809650641448736508e+01
9.809955178786027830e+01
9.810242044345530132e+01
9.810511254280542914e+01
9.810762825013142674e+01
9.810996773233044621e+01
9.811213115896572390e+01
9.811411870225553855e+01
9.811593053706239687e+01
9.811756684088194902e+01
9.811902779383213158e+01
9.812031357864167092e+01
9.812142438063922611e+01
9.812236038774220503e+01
9.812312179044475613e+01
9.812370878180736611e+01
9.812412155744455333e+01
9.812436031551389704e+01
9.812442525670390125e+01
9.812431658422305247e+01
9.812403450378747038e+01
9.812357922360936868e+01
9.812295095438523163e+01
9.812214990928396219e+01
9.812117630393474599e+01
9.812003035641524207e+01
9.811871228723933314e+01
9.811722231934513161e+01
9.811556067808263037e+01
9.811372759120166620e+01
9.811172328883944260e+01
9.810954800350830851e+01
9.810720197008328114e+01
9.810468542578951201e+01
9.810199861019009404e+01
9.809914176517304440e+01
9.809611513493915425e+01
9.809291896598901417e+01
9.808955350711053711e+01
9.808601900936598383e+01
9.808231572607937210e+01
9.807844391282350216e+01
9.807440382740720963e+01
9.807019572986233413e+01
9.806581988243084425e+01
9.806127654955163564e+01
9.805656599784768446e+01
9.805168849611295911e+01
9.804664431529910473e+01
9.804143372850255389e+01
9.803605701095086999e+01
9.803051443999017067e+01
9.802480629507127219e+01
9.801893285773653020e+01
9.801289441160680838e+01
9.800669124236750918e+01
9.800032363775565614e+01
9.799379188754640779e+01
9.798709628353928736e+01
9.798023711954490977e+01
9.797321469137142458e+01
9.796602929681091609e+01
9.795868123562581786e+01
9.795117080953524180e+01
9.794349832220156316e+01
9.793566407921639438e+01
9.792766838808725538e+01
9.791951155822357578e+01
9.791119390092313779e+01
9.790271572935820643e+01
9.789407735856185866e+01
9.788527910541407095e+01
9.787632128862800585e+01
9.786720422873601422e+01
9.785792824807599288e+01
9.784849367077733007e+01
9.783890082274717770e+01
9.782915003165622636e+01
9.781924162692538971e+01
9.780917593971113888e+01
9.779895330289205901e+01
9.778857405105470946e+01
9.777802434721193947e+01
9.776729279077271428e+01
9.775640158979527428e+01
9.774535108034223185e+01
9.773414160026163700e+01
9.772277348917258166e+01
9.771124708845077578e+01
9.769956274121418005e+01
9.768772079230889460e+01
9.767572158829445073e+01
9.766356547742942951e+01
9.765125280965727939e+01
9.763878393659160793e+01
9.762615921150205622e+01
9.761337898929957646e+01
9.760044362652209315e+01
9.758735348132016441e+01
9.757410891344238735e+01
9.756071028422104519e+01
9.754715795655731370e+01
9.753345229490741986e+01
9.751959366526760675e+01
9.750558243515993695e+01
9.749141897361766951e+01
9.747710365117102072e+01
9.746263683983248427e+01
9.744801891308229358e+01
9.743325024585429617e+01
9.741833121452120281e+01
9.740326219688020615e+01
9.738804357213849983e+01
9.737267572089892553e+01
9.735715902514559161e+01
9.734149386822890904e+01
9.732568063485213372e+01
9.730971971105599039e+01
9.729361148420477434e+01
9.727735634297171430e+01
9.726095467732494626e+01
9.724440687851266318e+01
9.722771333904911728e+01
9.710472041967955192e+01
9.708681554073199038e+01
9.706876956056579786e+01
9.705058288221627549e+01
9.703225590980734694e+01
9.701378904853783069e+01
9.699518270466676029e+01
9.697643728550021081e+01
9.695755319937664751e+01
9.693853085565309868e+01
9.691937066469147055e+01
9.690007303784439330e+01
9.688063838744123757e+01
9.686106712677454311e+01
9.684135967008580792e+01
9.682151643255193108e+01
9.680153783027148506e+01
9.678142428025050492e+01
9.676117620038928635e+01
9.674079400946816065e+01
9.672027812713444916e+01
9.669962897388796819e+01
9.667884697106823921e+01
9.665793254084029229e+01
9.663688610618150676e+01
9.661570809086774148e+01
9.659439891945993395e+01
9.657295901729095533e+01
9.655138881045159849e+01
9.652968872577764614e+01
9.650785919083634212e+01
9.648590063391311844e+01
9.646381348399796707e+01
9.644159817077269281e+01
9.641925512459734193e+01
9.639678477649705712e+01
9.637418755814921667e+01
9.635146390186963572e+01
9.632861424060027389e+01
9.630563900789566389e+01
9.628253863791017864e+01
9.625931356538491457e+01
9.623596422563494457e+01
9.621249105453608763e+01
9.618889448851255963e+01
9.616517496452365776e+01
9.614133292005145393e+01
9.611736879308774917e+01
9.609328302212148287e+01
9.606907604612628404e+01
9.604474830454746836e+01
9.602030023729008690e+01
9.599573228470585207e+01
9.597104488758073160e+01
9.594623848712305403e+01
9.592131352495066210e+01
9.589627044307850667e+01
9.587110968390688015e+01
9.584583169020858406e+01
9.582043690511697775e+01
9.579492577211431126e+01
9.576929873501869395e+01
9.574355623797264059e+01
9.571769872543107738e+01
9.569172664214930535e+01
9.566564043317093535e+01
9.563944054381614990e+01
9.561312741966987971e+01
9.558670150657019349e+01
9.556016325059638916e+01
9.553351309805718472e+01
9.550675149547970477e+01
9.547987888959703184e+01
9.545289572733761929e+01
9.542580245581315523e+01
9.539859952230742124e+01
9.537128737426495206e+01
9.534386645927975223e+01
9.531633722508362894e+01
9.528870011953578967e+01
9.526095559061070617e+01
9.523310408638803892e+01
9.520514605504055794e+01
9.517708194482432305e+01
9.514891220406623518e+01
9.512063728115474248e+01
9.509225762452797426e+01
9.506377368266308281e+01
9.503518590406601163e+01
9.500649473726015515e+01
9.497770063077628322e+01
9.494880403314169826e+01
9.491980539286977603e+01
9.489070515844952070e+01
9.486150377833520508e+01
9.483220170093593993e+01
9.480279937460542783e+01
9.477329724763173147e+01
9.474369576822715544e+01
9.471399538451791500e+01
9.468419654453441581e+01
9.465429969620076633e+01
9.462430528732535606e+01
9.459421376559065209e+01
9.456402557854320889e+01
9.453374117358414708e+01
9.450336099795947575e+01
9.447288549875023023e+01
9.444231512286278019e+01
9.441165031701952159e+01
9.438089152774941226e+01
9.435003920137799582e+01
9.431909378401878996e+01
9.428805572156312564e+01
9.425692545967181957e+01
9.422570344376507023e+01
9.419439011901378933e+01
9.416298593033040731e+01
9.413149132235979266e+01
9.409990673947015694e+01
9.406823262574457090e+01
9.403646942497148586e+01
9.400461758063639195e+01
9.397267753591270889e+01
9.394064973365344429e+01
9.390853461638248234e+01
9.387633262628565944e+01
9.384404420520240819e+01
9.381166979461799826e+01
9.377920983565374513e+01
9.374666476905983359e+01
9.371403503520664913e+01
9.368132107407646458e+01
9.364852332525532574e+01
9.361564222792503642e+01
9.358267822085466037e+01
9.354963174239338741e+01
9.351650323046175117e+01
9.348329312254432466e+01
9.345000185568140694e+01
9.341662986646154820e+01
9.338317759101398963e+01
9.334964546500079052e+01
9.331603392360906923e+01
9.328234340154401139e+01
9.324857433302081233e+01
9.321472715175760015e+01
9.318080229096806022e+01
9.314680018335408818e+01
9.311272126109845715e+01
9.307856595585769810e+01
9.304433469875516494e+01
9.301002792037355960e+01
9.297564605074832400e+01
9.294118951936050621e+01
9.290665875512986815e+01
9.287205418640809285e+01
9.283737624097180685e+01
9.280262534601631330e+01
9.276780192814841541e+01
9.273290641338014950e+01
9.269793922712197798e+01
9.266290079417667869e+01
9.262779153873246685e+01
9.259261188435689860e+01
9.255736225399047612e+01
9.252204306994036642e+01
9.248665475387406332e+01
9.245119772681363202e+01
9.241567240912907266e+01
9.238007922053284915e+01
9.234441858007338055e+01
9.230869090612941363e+01
9.227289661640409690e+01
9.223703612791911155e+01
9.220110985700907236e+01
9.216511821931558757e+01
9.212906162978168823e+01
9.209294050264634279e+01
9.205675525143888649e+01
9.202050628897342222e+01
9.198419402734347727e+01
9.194781887791641850e+01
9.191138125132890480e+01
9.187488155748036434e+01
9.183832020552897291e+01
9.180169760388562850e+01
9.176501416020943225e+01
9.172827028140244465e+01
9.169146637360438490e+01
9.165460284218846709e+01
9.161768009175558802e+01
9.158069852612995021e+01
9.154365854835459970e+01
9.150656056068598332e+01
9.146940496458981329e+01
9.143219216073620714e+01
9.139492254899535340e+01
9.135759652843256617e+01
9.132021449730437723e+01
9.106246306120549150e+01
9.102475784223452138e+01
9.098700068270007080e+01
9.094919196964109176e+01
9.091133208924473763e+01
9.087342142684273938e+01
9.083546036690776759e+01
9.079744929304970924e+01
9.075938858801218601e+01
9.072127863366850420e+01
9.068311981101864205e+01
9.064491250018541280e+01
9.060665708041132405e+01
9.056835393005472667e+01
9.053000342658693000e+01
9.049160594658879120e+01
9.045316186574703465e+01
9.041467155885179352e+01
9.037613539979292909e+01
9.033755376155686179e+01
9.029892701622397055e+01
9.026025553496509701e+01
9.022153968803874591e+01
9.018277984478845610e+01
9.014397637363936155e+01
9.010512964209563336e+01
9.006624001673802127e+01
9.002730786322044310e+01
8.998833354626779624e+01
8.994931742967294497e+01
8.991025987629464566e+01
8.987116124805444883e+01
8.983202190593428327e+01
8.979284220997411126e+01
8.975362251926938484e+01
8.971436319196899944e+01
8.967506458527233804e+01
8.963572705542736685e+01
8.959635095772837587e+01
8.955693664651366248e+01
8.951748447516327190e+01
8.947799479609706452e+01
8.943846796077259853e+01
8.939890431968264295e+01
8.935930422235395554e+01
8.931966801734463957e+01
8.927999605224250956e+01
8.924028867366328654e+01
8.920054622724835269e+01
8.916076905766348659e+01
8.912095750859663212e+01
8.908111192275653423e+01
8.904123264187079201e+01
8.900132000668430976e+01
8.896137435695771956e+01
8.892139603146577542e+01
8.888138536799576173e+01
8.884134270334631367e+01
8.880126837332542777e+01
8.876116271274956659e+01
8.872102605544193921e+01
8.868085873423133592e+01
8.864066108095074981e+01
8.860043342643622566e+01
8.856017610052549571e+01
8.851988943205689964e+01
8.847957374886800608e+01
8.843922937779493054e+01
8.839885664467080062e+01
8.835845587432498860e+01
8.831802739058196039e+01
8.827757151626052234e+01
8.823708857317249965e+01
8.819657888212221053e+01
8.815604276290537200e+01
8.811548053430838934e+01
8.807489251410754605e+01
8.803427901906808017e+01
8.799364036494372954e+01
8.795297686647563751e+01
8.791228883739219668e+01
8.787157659040795465e+01
8.783084043722338663e+01
8.779008068852411384e+01
8.774929765398026404e+01
8.770849164224625838e+01
8.766766296096008659e+01
8.762681191674329284e+01
8.758593881519989566e+01
8.754504396091658691e+01
8.750412765746212074e+01
8.746319020738717143e+01
8.742223191222386447e+01
8.738125307248571971e+01
8.734025398766721082e+01
8.729923495624379370e+01
8.725819627567148018e+01
8.721713824238710799e+01
8.717606115180787185e+01
8.713496529833143711e+01
8.709385097533586872e+01
8.705271847517953177e+01
8.701156808920124774e+01
8.697040010772016672e+01
8.692921482003612255e+01
8.688801251442940554e+01
8.684679347816107509e+01
8.680555799747303070e+01
8.676430635758840992e+01
8.672303884271131835e+01
8.668175573602772488e+01
8.664045731970504960e+01
8.659914387489293119e+01
8.655781568172362483e+01
8.651647301931154743e+01
8.647511616575474136e+01
8.643374539813443391e+01
8.639236099251587575e+01
8.635096322394855406e+01
8.630955236646686046e+01
8.626812869309040366e+01
8.622669247582479102e+01
8.618524398566181333e+01
8.614378349258022638e+01
8.610231126554633363e+01
8.606082757251455462e+01
8.601933268042814973e+01
8.597782685521960389e+01
8.593631036181184868e+01
8.589478346411829079e+01
8.585324642504414783e+01
8.581169950648668987e+01
8.577014296933647586e+01
8.572857707347787937e+01
8.568700207778984179e+01
8.564541824014698079e+01
8.560382581742021557e+01
8.556222506547761952e+01
8.552061623918584132e+01
8.547899959241009071e+01
8.543737537801602855e+01
8.539574384787007943e+01
8.535410525284073913e+01
8.531245984279945560e+01
8.527080786662189382e+01
8.522914957218840470e+01
8.518748520638582988e+01
8.514581501510804173e+01
8.510413924325716550e+01
8.506245813474495776e+01
8.502077193249360221e+01
8.497908087843704550e+01
8.493738521352220516e+01
8.489568517771000700e+01
8.485398100997679194e+01
8.481227294831543873e+01
8.477056122973650076e+01
8.472884609026979774e+01
8.468712776496543881e+01
8.464540648789508737e+01
8.460368249215335368e+01
8.456195600985945759e+01
8.452022727215782538e+01
8.447849650922034925e+01
8.443676395024701264e+01
8.439502982346769500e+01
8.435329435614362126e+01
8.431155777456849876e+01
8.426982030407017987e+01
8.422808216901216838e+01
8.418634359279484158e+01
8.414460479785729774e+01
8.410286600567856397e+01
8.406112743677924470e+01
8.401938931072295702e+01
8.397765184611813538e+01
8.393591526061936747e+01
8.389417977092881529e+01
8.385244559279840360e+01
8.381071294103065838e+01
8.376898202948105165e+01
8.372725307105903880e+01
8.368552627773001973e+01
8.364380186051704413e+01
8.360208002950216155e+01
8.356036099382860982e+01
8.351864496170192353e+01
8.347693214039219356e+01
8.343522273623524654e+01
8.339351695463498970e+01
8.335181500006459032e+01
8.331011707606850791e+01
8.326842338526431320e+01
8.322673412934432235e+01
8.318504950907745865e+01
8.314336972431102879e+01
8.310169497397252769e+01
8.306002545607150012e+01
8.301836136770147334e+01
8.297670290504150614e+01
8.272169079209341191e+01
8.268025021251487772e+01
8.263925035895458393e+01
8.259859973714168291e+01
8.255795838439242118e+01
8.251732647420982403e+01
8.247670417924203434e+01
8.243609167128424531e+01
8.239548912128094571e+01
8.235489669932788104e+01
8.231431457467411406e+01
8.227374291572419907e+01
8.223318189004007195e+01
8.219263166434342338e+01
8.215209240451751782e+01
8.211156427560958093e+01
8.207104744183259015e+01
8.203054206656767633e+01
8.199004831236599955e+01
8.194956634095110815e+01
8.190909631322094242e+01
8.186863838924989523e+01
8.182819272829111412e+01
8.178775948877860458e+01
8.174733882832926213e+01
8.170693090374521717e+01
8.166653587101578182e+01
8.162615388531978056e+01
8.158578510102762493e+01
8.154542967170361578e+01
8.150508775010789009e+01
8.146475948819883683e+01
8.142444503713510073e+01
8.138414454727784175e+01
8.134385816819302306e+01
8.130358604865335792e+01
8.126332833664091027e+01
8.122308517934875738e+01
8.118285672318364732e+01
8.114264311376797423e+01
8.110244449594213734e+01
8.106226101376653048e+01
8.102209281052405743e+01
8.098194002872213559e+01
8.094180281009492717e+01
8.090168129560559862e+01
8.086157562544869393e+01
8.082148593905206724e+01
8.078141237507942662e+01
8.074135507143225254e+01
8.070131416525235579e+01
8.066128979292379597e+01
8.062128209007542523e+01
8.058129119158290621e+01
8.054131723157108524e+01
8.050136034341613822e+01
8.046142065974780166e+01
8.042149831245187386e+01
8.038159343267207646e+01
8.034170615081266931e+01
8.030183659654032624e+01
8.026198489878684939e+01
8.022215118575097392e+01
8.018233558490082657e+01
8.014253822297636987e+01
8.010275922599120690e+01
8.006299871923519618e+01
8.002325682727672529e+01
7.998353367396471469e+01
7.994382938243093406e+01
7.990414407509260286e+01
7.986447787365415252e+01
7.982483089910984120e+01
7.978520327174589966e+01
7.974559511114266286e+01
7.970600653617722742e+01
7.966643766502507162e+01
7.962688861516309657e+01
7.958735950337111831e+01
7.954785044573469577e+01
7.950836155764716295e+01
7.946889295381177476e+01
7.942944474824432177e+01
7.939001705427503452e+01
7.935060998455092829e+01
7.931122365103827576e+01
7.927185816502453974e+01
7.923251363712087425e+01
7.919319017726427035e+01
7.915388789471984410e+01
7.911460689808306768e+01
7.907534729528211415e+01
7.903610919357998910e+01
7.899689269957671911e+01
7.895769791921186709e+01
7.891852495776653598e+01
7.887937391986569935e+01
7.884024490948054620e+01
7.880113802993058414e+01
7.876205338388581367e+01
7.872299107336934298e+01
7.868395119975907903e+01
7.864493386379042761e+01
7.860593916555835392e+01
7.856696720451967053e+01
7.852801807949509794e+01
7.848909188867170883e+01
7.845018872960508816e+01
7.841130869922147895e+01
7.837245189382015553e+01
7.833361840907551255e+01
7.829480834003935286e+01
7.825602178114318974e+01
7.821725882620026482e+01
7.817851956840786443e+01
7.813980410034959334e+01
7.810111251399759169e+01
7.806244490071452447e+01
7.802380135125606841e+01
7.798518195577301526e+01
7.794658680381336069e+01
7.790801598432464914e+01
7.786946958565620491e+01
7.783094769556092274e+01
7.779245040119818100e+01
7.775397778913536229e+01
7.771552994535039716e+01
7.767710695523375364e+01
7.763870890359088150e+01
7.760033587464397442e+01
7.756198795203462737e+01
7.752366521882559880e+01
7.748536775750332595e+01
7.744709564997967277e+01
7.740884897759447369e+01
7.737062782111757997e+01
7.733243226075090604e+01
7.729426237613074591e+01
7.725611824632963476e+01
7.721799994985893534e+01
7.717990756467068536e+01
7.714184116815962966e+01
7.710380083716572130e+01
7.706578664797596900e+01
7.702779867632659716e+01
7.698983699740530540e+01
7.695190168585325807e+01
7.691399281576724434e+01
7.687611046070188081e+01
7.683825469367153005e+01
7.680042558715260270e+01
7.676262321308549019e+01
7.672484764287689529e+01
7.668709894740167954e+01
7.664937719700503749e+01
7.661168246150477046e+01
7.657401481019296341e+01
7.653637431183858553e+01
7.649876103468913868e+01
7.646117504647290275e+01
7.642361641440092512e+01
7.638608520516947920e+01
7.634858148496140018e+01
7.631110531944869990e+01
7.627365677379451370e+01
7.623623591265510413e+01
7.619884280018179368e+01
7.616147750002322425e+01
7.612414007532728988e+01
7.608683058874299832e+01
7.604954910242294375e+01
7.601229567802477050e+01
7.597507037671374519e+01
7.593787325916427733e+01
7.590070438556230670e+01
7.586356381560716500e+01
7.582645160851348010e+01
7.578936782301335029e+01
7.575231251735830540e+01
7.571528574932112576e+01
7.567828757619807334e+01
7.564131805481076753e+01
7.560437724150806105e+01
7.556746519216814306e+01
7.553058196220055720e+01
7.549372760654796366e+01
7.545690217968829927e+01
7.542010573563655385e+01
7.538333832794694445e+01
7.534660000971463489e+01
7.530989083357783898e+01
7.527321085171959680e+01
7.523656011586992065e+01
7.519993867730752868e+01
7.516334658686184866e+01
7.512678389491502173e+01
7.509025065140359345e+01
7.505374690582067387e+01
7.501727270721760021e+01
7.498082810420612532e+01
7.479232728932269936e+01
7.475627377968527298e+01
7.472025016428133881e+01
7.468425648704089781e+01
7.464829279147831187e+01
7.461235912069406595e+01
7.457645551737672918e+01
7.454058202380467435e+01
7.450473868184799642e+01
7.446892553297016093e+01
7.443314261822996514e+01
7.439738997828322908e+01
7.436166765338461460e+01
7.432597568338948690e+01
7.429031410775550626e+01
7.425468296554464587e+01
7.421908229542484037e+01
7.418351213567170532e+01
7.414797252417038465e+01
7.411246349841728431e+01
7.407698509552184873e+01
7.404153735220822341e+01
7.400612030481715919e+01
7.397073398930751864e+01
7.393537844125820868e+01
7.390005369586988593e+01
7.386475978796656250e+01
7.382949675199746764e+01
7.379426462203856829e+01
7.375906343179464386e+01
7.372389321460039469e+01
7.368875400342282944e+01
7.365364583086243044e+01
7.361856872915511474e+01
7.358352273017382572e+01
7.354850786543018160e+01
7.351352416607626594e+01
7.347857166290609143e+01
7.344365038635766041e+01
7.340876036651410175e+01
7.337390163310566038e+01
7.333907421551128891e+01
7.330427814276029608e+01
7.326951344353393836e+01
7.323478014616709686e+01
7.320007827864976946e+01
7.316540786862904611e+01
7.313076894341033096e+01
7.309616152995906191e+01
7.306158565490260060e+01
7.302704134453139773e+01
7.299252862480092574e+01
7.295804752133314253e+01
7.292359805941805462e+01
7.288918026401542249e+01
7.285479415975618167e+01
7.282043977094406273e+01
7.278611712155729663e+01
7.275182623525009262e+01
7.271756713535398831e+01
7.268333984487983912e+01
7.264914438651896944e+01
7.261498078264487788e+01
7.258084905531485731e+01
7.254674922627131650e+01
7.251268131694359909e+01
7.247864534844916307e+01
7.244464134159542823e+01
7.241066931688105512e+01
7.237672929449755088e+01
7.234282129433083242e+01
7.230894533596260487e+01
7.227510143867189640e+01
7.224128962143659294e+01
7.220750990293490190e+01
7.217376230154680172e+01
7.214004683535549134e+01
7.210636352214898182e+01
7.207271237942150321e+01
7.203909342437484042e+01
7.200550667391996740e+01
7.197195214467836877e+01
7.193842985298368831e+01
7.190493981488276631e+01
7.187148204613761493e+01
7.183805656222632763e+01
7.180466337834484136e+01
7.177130250940832923e+01
7.173797397005237997e+01
7.170467777463468906e+01
7.167141393723626663e+01
7.163818247166304332e+01
7.160498339144709234e+01
7.157181670984789434e+01
7.153868243985418474e+01
7.150558059418484902e+01
7.147251118529062808e+01
7.143947422535521241e+01
7.140646972629690481e+01
7.137349769976982827e+01
7.134055815716516236e+01
7.130765110961277742e+01
7.127477656798232886e+01
7.124193454288479188e+01
7.120912504467359838e+01
7.117634808344615749e+01
7.114360366904516297e+01
7.111089181105968748e+01
7.107821251882688784e+01
7.104556580143292877e+01
7.101295166771463130e+01
7.098037012626043918e+01
7.094782118541202465e+01
7.091530485326551059e+01
7.088282113767255055e+01
7.085037004624177825e+01
7.081795158634031395e+01
7.078556576509453180e+01
7.075321258939180780e+01
7.072089206588140087e+01
7.068860420097610131e+01
7.065634900085311187e+01
7.062412647145561095e+01
7.059193661849380419e+01
7.055977944744627450e+01
7.052765496356107633e+01
7.049556317185722776e+01
7.046350407712563424e+01
7.043147768393058072e+01
7.039948399661074063e+01
7.036752301928061115e+01
7.033559475583140852e+01
7.030369920993274491e+01
7.027183638503325369e+01
7.024000628436223792e+01
7.020820891093076455e+01
7.017644426753268760e+01
7.014471235674596983e+01
7.011301318093394741e+01
7.008134674224618266e+01
7.004971304262004139e+01
7.001811208378161666e+01
6.998654386724680876e+01
6.995500839432277473e+01
6.992350566610888052e+01
6.989203568349782358e+01
6.986059844717688350e+01
6.982919395762898773e+01
6.979782221513394802e+01
6.976648321976942668e+01
6.973517697141218719e+01
6.970390346973917417e+01
6.967266271422867874e+01
6.964145470416134742e+01
6.961027943862144696e+01
6.957913691649773114e+01
6.954802713648480506e+01
6.951695009708404882e+01
6.948590579660482547e+01
6.945489423316539046e+01
6.942391540469414224e+01
6.939296930893061699e+01
6.936205594342666814e+01
6.933117530554740426e+01
6.930032739247224072e+01
6.926951220119610753e+01
6.923872972853035890e+01
6.920797997110403799e+01
6.917726292536457322e+01
6.914657858757918518e+01
6.911592695383562557e+01
6.908530802004352722e+01
6.905472178193510047e+01
6.902416823506641208e+01
6.899364737481828058e+01
6.896315919639738468e+01
6.893270369483718696e+01
6.890228086499897131e+01
6.887189070157285187e+01
6.884153319907885304e+01
6.881120835186777640e+01
6.878091615412230908e+01
6.875065659985786226e+01
6.872042968292377907e+01
6.869023539700415881e+01
6.866007373561879490e+01
6.862994469212438275e+01
6.859984825971510247e+01
6.856978443142403989e+01
6.853975320012376926e+01
6.850975455852751850e+01
6.847978849919013555e+01
6.844985501450879894e+01
6.841995409672429673e+01
6.839008573792175127e+01
6.836024993003155714e+01
6.833044666483043272e+01
6.830067593394228709e+01
6.827093772883917211e+01
6.824123204084202143e+01
6.812960119906718148e+01
6.810027933024859692e+01
6.807098974840874916e+01
6.804173244346567628e+01
6.801250740519738258e+01
6.798331462324280494e+01
6.795415408710255178e+01
6.792502578613979836e+01
6.789592970958106832e+01
6.786686584651721432e+01
6.783783418590431324e+01
6.780883471656429151e+01
6.777986742718593405e+01
6.775093230632572272e+01
6.772202934240853267e+01
6.769315852372868392e+01
6.766431983845056664e+01
6.763551327460956486e+01
6.760673882011289493e+01
6.757799646274040128e+01
6.754928619014526703e+01
6.752060798985499446e+01
6.749196184927212983e+01
6.746334775567501651e+01
6.743476569621874717e+01
6.740621565793571790e+01
6.737769762773677940e+01
6.734921159241157795e+01
6.732075753862970657e+01
6.729233545294135865e+01
6.726394532177806695e+01
6.723558713145348520e+01
6.720726086816428335e+01
6.717896651799074448e+01
6.715070406689767424e+01
6.712247350073504037e+01
6.709427480523882537e+01
6.706610796603172275e+01
6.703797296862397559e+01
6.700986979841395907e+01
6.698179844068904742e+01
6.695375888062643810e+01
6.692575110329369181e+01
6.689777509364955677e+01
6.686983083654479287e+01
6.684191831672269757e+01
6.681403751882005793e+01
6.678618842736770489e+01
6.675837102679129487e+01
6.673058530141197764e+01
6.670283123544726323e+01
6.667510881301154768e+01
6.664741801811685207e+01
6.661975883467363246e+01
6.659213124649131998e+01
6.656453523727923027e+01
6.653697079064706088e+01
6.650943789010564444e+01
6.648193651906764501e+01
6.645446666084822596e+01
