1.402227919335897752e+02
1.349194657670612685e+02
1.319125193515814090e+02
1.271539833416864838e+02
1.242431432481832871e+02
1.218111598569531679e+02
1.187657261412893916e+02
1.165834616268536053e+02
1.133857269666764296e+02
1.114514071060685581e+02
1.089619351760974695e+02
1.072377130899780013e+02
1.056045935612241351e+02
1.034517206981305719e+02
1.020025164721460271e+02
9.974265679453515077e+01
9.847348418582538443e+01
9.673129546300968684e+01
9.561285045433952234e+01
9.455854848806298207e+01
9.305994891014658776e+01
8.833236751737335624e+01
8.427718219819647061e+01
8.060375294084876430e+01
7.711438815984365647e+01
7.411792357547834342e+01
7.140472007733305304e+01
6.842039623354460787e+01
6.624274396634312723e+01
6.427389371881994862e+01
6.242013270195686658e+01
6.082193675247729203e+01
5.939349692669342318e+01
5.807720201727006071e+01
5.695705401571385806e+01
5.596457362619271692e+01
5.486058905985402845e+01
5.410723713303440263e+01
5.344597863866006549e+01
5.286138925653543197e+01
5.236294615038870148e+01
5.221710340709860532e+01
5.194063468215386337e+01
5.182550129232434699e+01
5.171730154914422428e+01
5.147973182204780329e+01
5.134338916434855093e+01
5.121399836166820307e+01
5.098594581045408347e+01
5.087333702397363311e+01
5.076630611788265668e+01
5.055571391590923014e+01
5.046125821326139516e+01
5.039107467711910715e+01
5.020588928282065666e+01
5.012721448605513785e+01
5.005205889013657838e+01
4.988660023115666320e+01
4.984557636542698589e+01
4.978234481666666511e+01
4.963454082941903778e+01
4.974928345816643827e+01
4.977637871302054151e+01
4.980288450738113681e+01
4.991219850678553627e+01
4.993640837379631137e+01
4.995993985633157308e+01
4.998275875990010775e+01
5.008494478463462940e+01
5.010533449935348216e+01
5.012494480021283039e+01
5.022168330400054259e+01
5.023880251184021972e+01
5.025508889050090033e+01
5.027052062297935464e+01
5.036016849092126790e+01
5.037918453464694579e+01
5.042469538207419077e+01
5.054145849662500467e+01
5.058242561785198887e+01
5.062151291414566856e+01
5.072998747930886054e+01
5.083552398871407974e+01
5.093815271889048546e+01
5.103790386838397097e+01
5.124093796017585589e+01
5.133482045201645150e+01
5.142592049200533921e+01
5.151426764561277594e+01
5.163600252173420557e+01
5.171902809045698746e+01
5.179938830290927854e+01
5.191352305337176887e+01
5.197779897397089144e+01
5.202622739048577216e+01
5.207299628652902612e+01
5.215499124571303469e+01
5.219860253161434827e+01
5.224060057829813530e+01
5.228100057680947543e+01
5.231981759062813353e+01
5.245992744397700847e+01
5.253283621714723495e+01
5.256701462322504170e+01
5.270182041438805953e+01
5.273288104362461581e+01
5.279996760264945266e+01
5.289225202615265431e+01
5.295629655027378391e+01
5.298151408288681807e+01
5.310633146844999430e+01
5.316620988673142989e+01
5.318721085408576243e+01
5.324463538458892486e+01
5.332536186453926774e+01
5.337996021978354122e+01
5.339552778032634706e+01
5.350943328945747623e+01
5.352227747853718398e+01
5.357181742690588777e+01
5.368123081640260352e+01
5.369024098836588621e+01
5.379673993086022676e+01
5.390168400800938997e+01
5.400508950618628035e+01
5.404665319080089603e+01
5.414714276413780425e+01
5.424614103147455069e+01
5.434366355375005497e+01
5.443972571461102916e+01
5.443751448740249543e+01
5.453092831613464142e+01
5.462292523516940435e+01
5.471351993116172707e+01
5.474373370617128387e+01
5.483167448507202124e+01
5.491825554283033028e+01
5.500349088278873921e+01
5.502909474835681181e+01
5.507501015987816828e+01
5.515650341681287472e+01
5.530980293021973182e+01
5.542493064474412279e+01
5.557485310012049951e+01
5.568689428803724439e+01
5.583350746500540396e+01
5.594252741790873529e+01
5.605011982174224983e+01
5.619196053255998891e+01
5.629905675043285385e+01
5.644205006574480876e+01
5.654768025588739988e+01
5.668663310322394011e+01
5.678852986233272304e+01
5.692353738290306353e+01
5.702179062788223973e+01
5.715294550472671631e+01
5.724764269705393360e+01
5.734065074797479866e+01
5.746626138954167118e+01
5.755583896091083318e+01
5.754802624533913757e+01
5.755973365180342682e+01
5.756350114946561547e+01
5.757356633091045239e+01
5.755333555901942333e+01
5.757460074839152497e+01
5.756425089058932798e+01
5.759555469730012334e+01
5.763259472083944956e+01
5.767185491827105182e+01
5.767795733482115139e+01
5.772620239706414935e+01
5.774039184128786673e+01
5.779673629991430772e+01
5.781827560797866283e+01
5.788193402053551750e+01
5.794030128048274264e+01
5.800957174768461755e+01
5.804298867744338253e+01
5.811825401844932060e+01
5.790706606911362542e+01
5.769819779138632754e+01
5.751719026426740555e+01
5.727113647897750326e+01
5.706813076073263602e+01
5.686753448479703366e+01
5.669246539559542697e+01
5.649609868144062119e+01
5.630221136603875465e+01
5.606638996543511411e+01
5.587691705700129319e+01
5.570979909877510039e+01
5.552433443439011285e+01
5.534090707997191316e+01
5.515911887419692050e+01
5.494842921019931481e+01
5.476675561561044248e+01
5.458388654382771676e+01
5.439785010206684746e+01
5.420587102940801572e+01
5.398718118908946195e+01
5.377130169838546436e+01
5.353996327659793764e+01
5.333799083133183672e+01
5.316911462089700535e+01
5.299163850543136789e+01
5.282998681109305750e+01
5.267543924619006646e+01
5.255003610590117802e+01
5.247457586410894947e+01
5.237695310597851517e+01
5.227808407886932685e+01
5.219523435834108938e+01
5.206242644529519481e+01
5.200359493526703147e+01
5.178148299200889682e+01
5.147657007726967748e+01
5.110323922439621214e+01
5.056368755535501691e+01
5.007248361140648285e+01
4.927947722568573852e+01
4.869646616578573628e+01
4.804199422378621165e+01
4.736965010599249837e+01
4.670022261673138786e+01
4.605857406620751959e+01
4.547305773498729309e+01
4.497441112338924540e+01
4.459406911865723799e+01
4.436193358930211872e+01
4.454031252925890527e+01
4.465050322874989064e+01
4.494952384987072236e+01
4.543703466092635779e+01
4.610227707531285546e+01
4.692454524019822060e+01
4.787465580128458953e+01
4.891715543735987382e+01
4.978567923677824325e+01
5.082229343747192019e+01
5.161774158791038047e+01
5.222921843618281201e+01
5.296200387704510604e+01
5.322297943296474898e+01
5.344807879649857796e+01
5.398854155682626299e+01
5.389782177289623633e+01
5.425999544538983344e+01
5.401283640809565156e+01
5.396711634972464111e+01
5.347854461989511776e+01
5.252714349738067767e+01
5.229763420523357809e+01
5.145756071304382573e+01
5.040486579037403203e+01
4.929429015909664713e+01
4.773972965245775413e+01
4.635699878169863553e+01
4.489896844209447835e+01
4.263140855432629195e+01
4.095127587748476827e+01
3.918568270273366494e+01
3.736659564052199300e+01
3.461035133999821056e+01
3.291425229319650470e+01
3.074291727226184534e+01
2.920863910054734092e+01
2.788560950278218087e+01
2.587669685738037018e+01
2.498149494507671164e+01
2.424646456356619595e+01
2.310414117131117706e+01
2.340342063376692039e+01
2.404301916074950185e+01
2.409670029085530629e+01
2.544793506521503801e+01
2.806458209519836444e+01
2.956215509433762278e+01
3.168498694122712678e+01
3.385255805034274346e+01
3.620218607573711012e+01
3.847343348095627391e+01
4.065963099275562342e+01
4.273781669674146855e+01
4.357484360089542008e+01
4.547378913020955338e+01
4.809910054583488659e+01
4.978208732003207615e+01
5.131085447082571704e+01
5.268788055079745902e+01
5.391700287117040347e+01
5.616648333677799343e+01
5.713380725109497860e+01
5.750173689985363978e+01
5.827560086942889939e+01
5.891987025017601098e+01
6.073254821365225808e+01
6.113611668943352839e+01
6.142171399741653914e+01
6.159254161618520129e+01
6.165099887411091828e+01
6.164889681907982322e+01
6.292338641510882979e+01
6.271617713331660582e+01
6.260494727869026121e+01
6.224210233017061000e+01
6.176744589605429780e+01
6.154546291289570803e+01
6.090971917666876578e+01
6.159973921095121341e+01
6.072206897908285583e+01
6.033255402796817890e+01
5.927388356134583347e+01
5.807975953674942815e+01
5.755854341330531554e+01
5.616447746462787194e+01
5.462045415155890282e+01
5.439635318556140930e+01
5.365640982210882726e+01
5.169691775568330172e+01
4.955968726285684056e+01
4.865017978898936235e+01
4.625878159914357468e+01
4.524794610002119555e+01
4.260316813297686167e+01
3.978353969899032450e+01
3.860889408909926601e+01
3.556858789155236877e+01
3.534722223201811886e+01
3.197152703352795911e+01
3.059410764676819383e+01
2.708544534041280727e+01
2.354554046934601885e+01
2.214608909098367207e+01
1.868488724807138723e+01
1.735139169249412205e+01
1.413826854555163770e+01
1.121744719663197642e+01
1.016553332824705613e+01
7.815797864696713226e+00
6.261950578339107842e+00
4.497302155549708580e+00
3.979923597225613729e+00
3.142963820693068566e+00
3.001698146336166051e+00
3.131755683938734602e+00
3.360429463218875146e+00
4.401201898662645995e+00
4.958299850965534716e+00
6.773486677741131778e+00
7.592247048461636894e+00
9.996452043645764007e+00
1.091039850332921901e+01
1.394527203283617212e+01
1.514387221929134597e+01
1.836872707457913734e+01
1.959751845993434216e+01
2.284351134489357094e+01
2.404621930454934287e+01
2.718945676250502075e+01
2.832727962339949812e+01
3.128537864511798361e+01
3.233438424275201584e+01
3.505874054583250654e+01
3.600639451540412495e+01
3.692361490554083758e+01
3.931529616691998541e+01
4.012658751700286786e+01
4.225558045918695171e+01
4.466614889689987677e+01
4.656313513506526647e+01
4.717319926980862732e+01
4.775454422736336113e+01
4.932736442361691331e+01
4.981328140222115053e+01
5.115401083502008106e+01
5.155177450663727967e+01
5.267800475607928945e+01
5.299441201002834845e+01
5.328857719570917340e+01
5.416352622552439300e+01
5.438398012649512481e+01
5.507883548975631527e+01
5.523061941272541020e+01
5.536334712146467041e+01
5.584456957793400278e+01
5.591386295796585415e+01
5.596534891797156774e+01
5.624819470325604698e+01
5.624020807219176277e+01
5.809429307647623375e+01
5.802043547138350021e+01
5.793019685317619860e+01
5.787374893948833687e+01
5.772852448248151092e+01
5.756728142034211260e+01
5.733620274858757426e+01
5.712099770324421399e+01
5.688991237635263332e+01
5.648652007179219225e+01
5.620176920372244211e+01
5.590111475373247174e+01
5.532549771613268774e+01
5.497096154367646648e+01
5.460040843709982283e+01
5.385110026488379020e+01
5.342618779747974855e+01
5.298514089244752512e+01
5.205992448758354385e+01
5.156408520577323884e+01
5.105209551549643265e+01
4.994899995242012380e+01
4.938220896231209167e+01
4.879948323489107054e+01
4.751803072309599685e+01
4.688138587306514182e+01
4.770391573088539161e+01
4.701674857699102716e+01
4.548703350866249195e+01
4.474607046967724955e+01
4.399029485827987429e+01
4.228518790955952511e+01
4.148012968458938587e+01
4.066229642168916314e+01
3.879644441651169728e+01
3.793687151424234116e+01
3.706760825364260370e+01
3.618958696254167506e+01
3.416574937304955029e+01
3.326054510581922585e+01
3.235114299469070431e+01
3.023158583604704219e+01
2.925753904617348056e+01
2.828606208988691151e+01
2.608750125667774356e+01
2.512963545116409136e+01
2.418231589902736545e+01
2.202379291441760856e+01
2.111639788825335273e+01
2.022804845793639217e+01
1.936075297334474854e+01
1.736662551359617979e+01
1.657243498818488803e+01
1.580714954738144939e+01
1.507240516460547042e+01
1.335818086538162497e+01
1.272464815676917560e+01
1.212728381869596284e+01
1.070360626545819116e+01
1.022267127480145454e+01
9.780834215051601888e+00
9.378282613525536604e+00
8.367388763581448785e+00
8.087084275894044438e+00
7.845202889623448250e+00
7.238540546163296341e+00
6.608462640854641634e+00
6.508530831426089236e+00
6.444532822712783826e+00
6.414998906014909963e+00
6.187249618422405284e+00
6.257875050128035355e+00
6.356051824263042604e+00
6.479944218966116054e+00
6.573150919791310720e+00
6.768759194169608584e+00
6.982304559513509368e+00
7.211937299002029178e+00
7.527630573872184705e+00
7.799260449724672029e+00
8.079608670573792395e+00
8.367053175296423007e+00
8.807454578374338539e+00
9.087910184138982217e+00
9.363951403039614263e+00
9.640042117847158920e+00
1.009765567893133209e+01
1.037000959191541050e+01
1.063833161165378804e+01
1.090182420839572863e+01
1.134472405469252010e+01
1.159009125314420707e+01
1.182768049643251729e+01
1.205694830767940395e+01
1.227739439774373054e+01
1.264085411174746021e+01
1.283152449808022055e+01
1.301157970690517374e+01
1.318071991909670260e+01
1.333867766658306486e+01
1.358153055760331540e+01
1.370294779587909240e+01
1.381227958786558041e+01
1.390940695503275748e+01
1.399423434483508188e+01
1.409383462825596567e+01
1.413909575281943809e+01
1.417181618013363043e+01
1.419200973369105512e+01
1.414883457325726646e+01
1.413055337323273797e+01
1.409955042706069683e+01
1.405593627844320359e+01
1.399983608665815105e+01
1.382314987953257557e+01
1.372747145732558494e+01
1.361996076119290322e+01
1.350081868826288556e+01
1.337025940101929145e+01
1.304905474996343173e+01
1.288284246563588198e+01
1.270625708477534666e+01
1.251958550918704205e+01
1.232312802286818432e+01
1.187795405124445125e+01
1.165170722662752567e+01
1.141710716035093220e+01
1.117452885648522987e+01
1.092436122267475618e+01
1.038450203892548274e+01
1.011236014617325552e+01
9.834458305213338747e+00
9.551261199609228925e+00
9.263247188963102730e+00
8.970908130807751846e+00
8.366397018360778759e+00
8.063551480781663727e+00
7.758649907460819506e+00
7.452251850441972358e+00
7.144927827497606465e+00
6.837258674224138133e+00
6.529834819969179804e+00
5.927131420380931104e+00
5.624917648651986291e+00
5.325586966184844506e+00
5.029765985875803480e+00
4.738084453952019715e+00
4.451173952097595254e+00
3.930177380449322744e+00
3.663528231022933568e+00
3.404358016068519177e+00
3.153283430526259590e+00
2.910913279229761397e+00
2.677846779263268751e+00
2.312457793095763936e+00
2.114050412281866187e+00
1.927366161973322667e+00
1.752923537253530117e+00
1.591220502148847915e+00
1.442732849422565078e+00
1.297048705159604687e+00
1.194766981300775299e+00
1.107435469738898393e+00
1.035386386181281759e+00
9.789210742782948893e-01
1.059662034173494805e+00
1.055434386601669994e+00
1.067678194461008090e+00
1.096516482789579028e+00
1.142037360299967830e+00
1.204293905639300721e+00
1.561109886517763501e+00
1.677027854787780603e+00
1.809470708970751796e+00
1.958309594268101250e+00
2.123383365295961944e+00
2.304499515425896039e+00
2.501435226162652459e+00
3.153937901050893888e+00
3.398965359089265448e+00
3.658495141384066951e+00
4.145317390732652818e+00
4.460772652518431691e+00
4.790049111440047191e+00
5.711489935006594187e+00
6.079966961117221125e+00
6.460138532627481389e+00
6.851485266605663149e+00
7.253479102231827014e+00
7.665585102338210000e+00
8.740658730151007916e+00
9.178808312055954488e+00
9.624717679996109609e+00
1.007784503920330010e+01
1.053765174749418776e+01
1.100360364170528449e+01
1.147517228126895539e+01
1.263930452886168077e+01
1.312200767270119783e+01
1.360814991684196329e+01
1.409725176267436453e+01
1.458884524112583314e+01
1.508247453361986956e+01
1.557769651336391448e+01
1.674750126183430154e+01
1.724118053423890728e+01
1.773471891804221556e+01
1.822774734694409204e+01
1.871991114975524440e+01
1.921087010614411739e+01
1.970029845088154019e+01
2.081026387864989857e+01
2.128875149064571204e+01
2.176449639075098830e+01
2.223724787848323103e+01
2.270676873649113858e+01
2.317283497187125008e+01
2.363523553508109387e+01
2.409377201938277935e+01
2.454825834359676406e+01
2.552652097110925666e+01
2.596291439352954100e+01
2.639461780579303962e+01
2.682150433351585050e+01
2.724345717310644588e+01
2.766036922407734266e+01
2.807214272155299639e+01
2.847868887031802387e+01
2.887992748162066903e+01
2.969055931686365213e+01
3.007048745549113633e+01
3.044487780598230842e+01
3.081368932637176883e+01
3.117688741147165388e+01
3.153444357709666690e+01
3.188633515279811093e+01
3.223254498340860152e+01
3.287953975574178855e+01
3.320379466239472777e+01
3.352237044465758231e+01
3.383527392198299566e+01
3.414251576942607613e+01
3.444411028792828944e+01
3.474007518379222859e+01
3.503043135723169144e+01
3.531520269985541205e+01
3.578375312702996780e+01
3.604730863131020868e+01
3.630542617968898611e+01
3.655814191659673895e+01
3.680549391086780986e+01
3.704752201293023717e+01
3.728426771918149996e+01
3.751577404331310106e+01
3.774208539434312826e+01
3.804121338803390984e+01
3.824782844519635461e+01
3.844946232361581195e+01
3.864616462285317766e+01
3.883798572638542623e+01
3.902497672147356411e+01
3.920718932380047050e+01
3.938467580666537771e+01
3.954030008780773642e+01
3.969974046922961719e+01
3.985469076600692517e+01
4.000520493334435912e+01
4.015133714871019777e+01
4.029314176827322314e+01
4.043067328633669177e+01
4.056398629760972341e+01
4.069313546216259425e+01
4.070417252951888543e+01
4.081718095104791644e+01
4.092626526254178287e+01
4.103147991597442257e+01
4.113287927909235719e+01
4.123051761568476792e+01
4.132444906746759727e+01
4.141472763747658092e+01
4.150140717486884512e+01
4.158454136103723897e+01
4.166418369694513046e+01
4.152299456479543238e+01
4.158874344114346400e+01
4.165123349936858688e+01
4.171051727828457700e+01
4.176664709631038619e+01
4.181967504509865563e+01
4.186965298376462385e+01
4.191663253365776853e+01
4.196066507362078113e+01
4.200180173568293895e+01
4.173649310975534377e+01
4.176574391696196642e+01
4.179232427342542167e+01
4.181628430551291586e+01
4.183767388722078095e+01
4.185654263737231418e+01
4.187293991690214767e+01
4.188691482619535122e+01
4.189851620245404717e+01
4.190779261706401115e+01
4.153431162748223215e+01
4.153367897382647556e+01
4.153094109283821211e+01
4.152614562868306791e+01
4.151933995214221085e+01
4.151057115687737564e+01
4.149988605553089371e+01
4.148733117564876238e+01
4.147295275541834769e+01
4.145679673921083008e+01
4.143890877292311359e+01
4.096733241819831051e+01
4.094168456115241383e+01
4.091451956087679065e+01
4.088588203944537725e+01
4.085581628998606618e+01
4.082436626983925265e+01
4.079157559349622630e+01
4.075748752532227570e+01
4.072214497206951478e+01
4.068559047518653671e+01
4.064786620293170216e+01
4.009829311316572387e+01
4.245140674604252240e+01
4.241343803892560516e+01
4.237451176931960362e+01
4.233466758339650937e+01
4.229394468308896649e+01
4.225238181706429685e+01
4.221001727158990491e+01
4.216688886130560832e+01
4.212303391992013246e+01
4.207848929084823908e+01
4.203329131780598971e+01
4.142345934648869132e+01
4.137487598711654613e+01
4.132583026282568994e+01
4.127635627145523500e+01
4.122648753748473638e+01
4.117625700224885321e+01
4.112569701428174085e+01
4.107483931981082748e+01
4.102371505342030389e+01
4.097235472890415053e+01
4.092078823032888124e+01
4.086904480332435696e+01
4.081715304662304078e+01
4.017040259842134731e+01
4.011742470283829221e+01
4.006446250946964938e+01
4.001154134675827834e+01
3.995868582680569858e+01
3.991973083598684724e+01
3.988245198408463921e+01
3.984533543621830631e+01
3.980839934517020140e+01
3.977166092246775264e+01
3.973513643867121203e+01
3.909416011422347736e+01
3.905844880536217545e+01
3.902306423241573441e+01
3.898801759232028985e+01
3.895331913058963380e+01
3.891897814707775183e+01
3.888500300247299890e+01
3.885140112551594171e+01
3.881817902092979722e+01
3.878534227805263868e+01
3.875289558015819580e+01
3.872084271445083203e+01
3.809101580386468555e+01
3.806107765505763751e+01
3.803159040563930660e+01
3.800255278116322444e+01
3.797396266637917961e+01
3.794581712038633015e+01
3.791811239232259823e+01
3.789084393756258606e+01
3.786400643440098435e+01
3.783759380119225568e+01
3.781159921392269041e+01
3.778601512418561725e+01
3.776083327753286767e+01
3.773604473217515221e+01
3.771163987800294848e+01
3.768760845589966380e+01
3.766393957731967390e+01
3.707351311513386349e+01
3.705270290128414246e+01
3.703224055856346553e+01
3.701211137804916973e+01
3.699230014327511640e+01
3.697279115181788711e+01
3.695356823691125214e+01
3.693461478906207418e+01
3.691591377764233073e+01
3.689744777243190299e+01
3.687919896508785911e+01
3.686114919051622962e+01
3.684327994812391438e+01
3.682557242292855904e+01
3.627886201864029658e+01
3.626391546102312446e+01
3.624907219700189387e+01
3.623431124253988855e+01
3.621961143508806913e+01
3.620495145372405688e+01
3.619030983897733478e+01
3.617566501232772680e+01
3.616099529536344903e+01
3.614627892858970171e+01
3.613149408987473521e+01
3.611661891252625622e+01
3.610163150298890855e+01
3.559815038526086539e+01
3.558539289619986334e+01
3.557244251557543890e+01
3.555927677807353149e+01
3.554587330903747500e+01
3.553220983950248524e+01
3.551826422079250989e+01
3.550401443868094020e+01
3.548943862711458763e+01
3.547451508150427202e+01
3.545517598401740855e+01
3.542904435897595050e+01
3.540279404874478786e+01
3.537640820274378228e+01
3.490666478520492433e+01
3.488250905882913599e+01
3.485815114654886315e+01
3.483357425923508544e+01
3.480876175738153933e+01
3.478369715995155786e+01
3.475836415293745318e+01
3.473274659763583117e+01
3.470682853864132511e+01
3.468059421156285538e+01
3.465402805046509371e+01
3.462711469504034767e+01
3.459983899751355807e+01
3.457218602928589490e+01
3.454414108732080990e+01
3.451568970027770433e+01
3.448681763439753212e+01
3.445751089914581655e+01
3.442775575261841681e+01
3.401167494468153762e+01
3.398320717752621078e+01
3.395423078188913735e+01
3.392473318920593783e+01
3.389470212075209332e+01
3.386412559128391564e+01
3.383299191248247695e+01
3.380128969620619728e+01
3.376900785755771750e+01
3.373613561777128922e+01
3.370266250692651511e+01
3.366857836649360536e+01
3.363387335171687198e+01
3.359853793384098708e+01
3.356256290218617977e+01
3.352593936607791392e+01
3.314839612098952415e+01
3.311236699458932264e+01
3.307564725442534836e+01
3.303822969941312948e+01
3.300010746609569878e+01
3.296127402941617390e+01
3.292172320338567459e+01
3.288144914165014399e+01
3.284044633796100499e+01
3.279870962655338218e+01
3.275623418243619511e+01
3.271301552159743409e+01
3.266904950112839856e+01
3.262433231927082744e+01
3.257886051538907424e+01
3.253263096987203795e+01
3.248564090396600079e+01
3.214040006162532137e+01
3.209354336511653116e+01
3.204591005322035357e+01
3.199749924156498793e+01
3.194831038818117364e+01
3.189834329268470725e+01
3.184759809541046138e+01
3.179607527650026455e+01
3.174377565494530629e+01
3.169070038758421859e+01
3.163685096805828323e+01
3.158222922572389635e+01
3.152683732452337040e+01
3.147067776181471288e+01
3.141375336715986322e+01
3.135606730107284434e+01
3.129762305372715758e+01
3.098002198808420005e+01
3.092161565680476798e+01
3.086246318971784675e+01
3.080256994054511566e+01
3.074194158365723339e+01
3.068058411229390003e+01
3.061850383674159914e+01
3.055570738246819928e+01
3.049220168821289434e+01
3.042799400403067267e+01
3.036309188928957781e+01
3.029750321062015672e+01
3.023123613981440982e+01
3.016429915167405085e+01
3.009670102180525575e+01
3.002845082435931090e+01
2.995955792971658482e+01
2.989003200211239175e+01
2.981988299720311630e+01
2.953156841848362291e+01
2.946180292827623148e+01
2.939145572574503618e+01
2.932053838143583491e+01
2.924906273729068218e+01
2.917704090359154634e+01
2.910448525582992119e+01
2.903140843150143269e+01
2.895782332682217941e+01
2.888374309336586165e+01
2.880918113461904539e+01
2.873415110245314708e+01
2.865866689351101471e+01
2.858274264550597721e+01
2.850639273343221092e+01
2.842963176568398254e+01
2.835247458008238297e+01
2.827493623980786808e+01
2.819703202923716745e+01
2.811877744968236215e+01
2.804018821503181513e+01
2.796128024729039296e+01
2.771270767020067538e+01
2.763508898147837911e+01
2.755721866938698383e+01
2.747911369644528534e+01
2.740079119745622549e+01
2.732226847423147120e+01
2.724356299021174976e+01
2.716469236498261353e+01
2.708567436868552392e+01
2.700652691632377156e+01
2.692726806196389333e+01
2.684791599283254016e+01
2.676848902330888791e+01
2.668900558881341212e+01
2.660948423959375475e+01
2.652994363440831549e+01
2.645040253410803643e+01
2.637087979511891689e+01
2.629139436282487097e+01
2.621196526485356060e+01
2.613261160426619156e+01
2.593640093860006246e+01
2.585950843105945651e+01
2.578276926073737485e+01
2.570620271044385419e+01
2.562982808799393908e+01
2.555366471880545376e+01
2.547773193842491324e+01
2.540204908498559888e+01
2.532663549160056249e+01
2.525151047869429988e+01
2.517669334627703037e+01
2.510220336616490044e+01
2.502805977415058436e+01
2.495428176212844207e+01
2.488088847017811034e+01
2.480789897861145832e+01
2.473533229998731642e+01
2.466320737109869654e+01
2.459154304493742771e+01
2.452035808264124483e+01
2.444967114542824405e+01
2.437950078652439245e+01
2.430986544308892050e+01
2.418776579779379077e+01
2.412187117905245870e+01
2.405658040527384856e+01
2.399191096065132811e+01
2.392788015970015891e+01
2.386450513948302898e+01
2.380180285188436073e+01
2.373979005594021885e+01
2.367848331022904418e+01
2.361789896533012012e+01
2.355805315635480923e+01
2.349896179555758380e+01
2.344064056503202309e+01
2.338310490949857368e+01
2.332637002918917801e+01
2.327045087283586966e+01
2.321536213076812416e+01
2.316111822812577614e+01
2.310773331819272514e+01
2.305522127585754433e+01
2.300359569120641012e+01
2.295286986325431400e+01
2.291530508323951310e+01
2.286915135960983392e+01
2.282393713234375099e+01
2.277967383787481381e+01
2.273637258643181625e+01
2.269404415711066747e+01
2.265269899312602320e+01
2.261234719724675557e+01
2.257299852741898860e+01
2.253466239258100856e+01
2.249734784867382231e+01
2.246106359485027326e+01
2.242581796988651988e+01
2.239161894879886106e+01
2.235847413966870434e+01
2.232639078067852623e+01
2.229537573736092426e+01
2.226543550006353200e+01
2.223657618163142047e+01
2.220880351530892227e+01
2.218212285286221075e+01
2.215653916292468040e+01
2.213205702956496879e+01
2.210868065107987945e+01
2.208641383901169419e+01
2.206526001739099030e+01
2.204522222220453997e+01
2.211309504301109641e+01
2.209773749455643710e+01
2.208348574964576727e+01
2.207034066037692099e+01
2.205830269739400151e+01
2.204737195107220771e+01
2.203754813291568126e+01
2.202883057716592674e+01
2.202121824261872618e+01
2.201470971464695836e+01
2.200930320742660484e+01
2.200499656636291235e+01
2.200178727071386575e+01
2.199967243640721648e+01
2.199864881904813885e+01
2.199871281711323689e+01
2.199986047532760480e+01
2.200208748822059945e+01
2.200538920385616493e+01
2.200976062773377606e+01
2.201519642685499178e+01
2.202169093395145083e+01
2.202923815186946044e+01
2.203783175810629658e+01
2.204746510949332716e+01
2.205813124702089212e+01
2.206982290079989895e+01
2.222633970024840622e+01
2.224173784424147016e+01
2.400471942394480251e+01
2.401721121737298148e+01
2.403067188609269778e+01
2.404509200807818203e+01
2.406046189556818149e+01
2.407677160118367254e+01
2.409401092412415935e+01
2.411216941643570522e+01
2.413123638934525772e+01
2.415120091965566473e+01
2.417205185619503283e+01
2.419377782631526586e+01
2.421636724243362693e+01
2.423980830861180635e+01
2.426408902716681126e+01
2.428919720530829807e+01
2.431512046179646092e+01
2.434184623361544908e+01
2.436936178265656849e+01
2.439765420240648197e+01
2.442671042463465625e+01
2.445651722607536271e+01
2.448706123509910526e+01
2.451832893836855121e+01
2.455030668747429701e+01
2.458298070554560866e+01
2.478448488658670712e+01
2.481920608825923935e+01
2.485454613659333489e+01
2.489049083712444244e+01
2.492702591056466588e+01
2.496413699899490624e+01
2.500180967199762705e+01
2.504002943272710269e+01
2.507878172391336946e+01
2.511805193379762358e+01
2.515782540199518635e+01
2.519808742528368839e+01
2.523882326331390757e+01
2.528001814423995341e+01
2.532165727026737301e+01
2.536372582311604162e+01
2.540620896939606155e+01
2.544909186589466898e+01
2.549235966477195703e+01
2.553599751866410372e+01
2.557999058569197004e+01
2.562432403437394512e+01
2.566898304844162837e+01
2.571395283155674250e+01
2.575921861192869855e+01
2.597363224465192388e+01
2.601923100087095619e+01
2.606505091352036629e+01
2.611107760157245394e+01
2.615729673548150558e+01
2.620369404097058919e+01
2.625025530271580365e+01
2.629696636792738218e+01
2.634381314982808675e+01
2.639078163102914232e+01
2.643785786680344430e+01
2.648502798825679250e+01
2.653227820539737536e+01
2.657959481010421854e+01
2.662696417899461565e+01
2.667437277619194447e+01
2.672180715599375844e+01
2.676925396544178426e+01
2.681669994679399949e+01
2.686413193989994497e+01
2.691153688448018499e+01
2.695890182231133281e+01
2.700621389931692207e+01
2.705346036756604988e+01
2.710062858718064760e+01
2.714770602815225331e+01
2.719468027207047101e+01
2.724153901376333309e+01
2.728827006285182577e+01
2.733486134521938737e+01
2.738130090439794984e+01
2.742757690287233530e+01
2.747367762330365437e+01
2.751959146967416103e+01
2.756530696835423555e+01
2.761081276909377280e+01
2.765609764593897779e+01
2.770115049807632701e+01
2.787964095275577492e+01
2.792299993463645436e+01
2.796607598961082886e+01
2.800885883694866862e+01
2.805133832321178389e+01
2.809350442260209491e+01
2.813534723725105735e+01
2.817685699745297612e+01
2.821802406184297141e+01
2.825883891752176780e+01
2.829929218012870606e+01
2.833937459386440239e+01
2.837907703146485616e+01
2.841839049412837070e+01
2.845730611139695299e+01
2.849581514099362067e+01
2.853390896861728265e+01
2.857157910769633702e+01
2.860881719910306487e+01
2.864561501082975070e+01
2.868196443762816727e+01
2.871785750061388143e+01
2.875328634683685891e+01
2.878824324881979635e+01
2.882272060406498326e+01
2.885671093453209224e+01
2.889020688608747633e+01
2.892320122792618875e+01
2.904185289514479251e+01
2.907222499021532158e+01
2.910206479384687128e+01
2.913136581265895941e+01
2.916012167093471419e+01
2.918832610989615617e+01
2.921597298696334377e+01
2.924305627499801474e+01
2.926957006153284979e+01
2.929550854798768000e+01
2.932086604887319581e+01
2.934563699098350398e+01
2.936981591257837820e+01
2.939339746255616959e+01
2.941637639961822615e+01
2.943874759142578412e+01
2.946050601375021927e+01
2.948164674961750720e+01
2.950216498844760338e+01
2.952205602518995065e+01
2.954131525945509296e+01
2.955993819464419659e+01
2.957792043707632246e+01
2.959525769511472504e+01
2.961194577829274266e+01
2.962798059643960258e+01
2.964335815880755476e+01
2.965807457320016027e+01
2.967212604510285345e+01
2.968550887681620054e+01
2.969821946659255119e+01
2.971025430777642384e+01
2.972160998794943154e+01
2.973228318807987236e+01
2.974227068167817478e+01
2.975156933395776093e+01
2.976017610100267063e+01
2.976808802894177575e+01
2.977530225313026335e+01
2.978181599733894913e+01
2.979690475445363873e+01
2.980020945867842741e+01
2.980280455030360187e+01
2.980468775410581728e+01
2.980585687762396674e+01
2.980630981043211492e+01
2.980604452342309685e+01
2.980505906810235928e+01
2.980335157589312800e+01
2.980092025745248563e+01
2.979776340199840234e+01
2.979387937664917274e+01
2.978926662577353213e+01
2.978392367035377220e+01
2.977784910736000512e+01
2.977104160913722808e+01
2.976349992280483292e+01
2.975522286966835139e+01
2.974620934464403632e+01
2.973645831569638531e+01
2.972596882328835832e+01
2.971473997984470827e+01
2.970277096922839632e+01
2.969006104623019127e+01
2.967660953607150631e+01
2.966241583392052306e+01
2.964747940442182994e+01
2.963179978123915959e+01
2.961537656661189999e+01
2.959820943092481471e+01
2.958029811229140194e+01
2.956164241615077870e+01
2.954224221487786650e+01
2.952209744740731523e+01
2.950120811887060412e+01
2.947957430024709780e+01
2.945719612802799148e+01
2.943407380389406569e+01
2.941020759440653976e+01
2.938559783071148956e+01
2.936024490825733935e+01
2.933414928652567255e+01
2.930731148877520553e+01
2.927973210179862917e+01
2.925141177569288686e+01
2.922235122364184434e+01
2.911310736987022096e+01
2.908087012204197563e+01
2.904789979212207385e+01
2.901419745106639780e+01
2.897976423171997240e+01
2.894460132869827618e+01
2.890870999828081978e+01
2.887209155831599716e+01
2.883474738813768212e+01
2.879667892849320765e+01
2.875788768148233743e+01
2.871837521050778008e+01
2.867814314023625144e+01
2.863719315657040099e+01
2.859552700663152791e+01
2.855314649875250765e+01
2.851005350248134107e+01
2.846624994859420354e+01
2.842173782911919844e+01
2.837651919736910600e+01
2.833059616798434632e+01
2.828397091698471399e+01
2.823664568183072276e+01
2.818862276149365798e+01
2.813990451653444680e+01
2.809049336919125039e+01
2.804039180347506033e+01
2.798960236527373979e+01
2.793812766246383106e+01
2.788597036502995508e+01
2.783313320519199507e+01
2.777961897753901255e+01
2.772543053917063105e+01
2.767057080984481843e+01
2.761504277213240499e+01
2.755884947157781895e+01
2.750199401686564471e+01
2.744447957999325283e+01
2.738630939644868789e+01
2.732748676539393173e+01
2.726801504985309066e+01
2.720789767690521188e+01
2.714713813788185348e+01
2.708573998856822485e+01
2.702370684940899537e+01
2.696104240571688848e+01
2.689775040788529026e+01
2.683383467160333069e+01
2.676929907807410913e+01
2.654357078481209342e+01
2.647648963699106872e+01
2.640881067561146622e+01
2.634053815767653006e+01
2.627167640705384599e+01
2.620222981469864010e+01
2.613220283887685014e+01
2.606160000538791977e+01
2.599042590778657313e+01
2.591868520760388250e+01
2.584638263456654883e+01
2.577352298681475062e+01
2.570011113111763734e+01
2.562615200308648156e+01
2.555165060738516658e+01
2.547661201793731678e+01
2.540104137813011320e+01
2.532494390101408399e+01
2.524832486949894061e+01
2.517118963654459307e+01
2.509354362534735472e+01
2.501539232952090330e+01
2.493674131327141197e+01
2.485759621156678278e+01
2.477796273029944274e+01
2.469784664644225813e+01
2.461725380819738618e+01
2.453619013513750247e+01
2.445466161833926222e+01
2.437267432050812133e+01
2.429023437609478364e+01
2.400687407296137721e+01
2.392262681346219111e+01
2.383795941437864485e+01
2.375287841064501748e+01
2.366739040907256353e+01
2.358150208837736983e+01
2.349522019919644578e+01
2.340855156409104509e+01
2.332150307753723339e+01
2.323408170590309751e+01
2.314629448741226270e+01
2.305609956983506592e+01
2.296377347388445500e+01
2.287105952846478019e+01
2.277796611756304657e+01
2.268450171610314925e+01
2.259067488987505001e+01
2.249649429544309953e+01
2.240196868003166131e+01
2.230710688138815456e+01
2.221191782762253197e+01
2.211641053702343385e+01
2.202059411784929566e+01
2.192447776809460436e+01
2.182807077523083095e+01
2.173138251592070347e+01
2.163442245570632139e+01
2.153720014866978971e+01
2.143972523706587907e+01
2.134200745092664420e+01
2.124405660763727255e+01
2.114588261148209725e+01
2.104749545316125392e+01
2.094890520927642896e+01
2.085012204178635287e+01
2.075115619743000295e+01
2.065201800711905022e+01
2.055271788529661947e+01
2.045326632926463617e+01
2.035367391847670149e+01
2.025395131379813662e+01
2.015410925673109688e+01
2.005415856860591717e+01
1.995411014973681318e+01
1.985397497854279436e+01
1.975376411063206916e+01
1.965348867785112930e+01
1.955315988729690346e+01
1.945278902029230395e+01
1.935238743132436312e+01
1.925196654694544662e+01
1.915153786463620733e+01
1.905111295163091256e+01
1.895070344370422077e+01
1.885032104392004726e+01
1.874997752134111906e+01
1.864968470969987280e+01
1.854945450603052848e+01
1.844929886926173879e+01
1.834922981876971448e+01
1.824925943289242269e+01
1.814939984740372836e+01
1.804966325394831372e+01
1.795006189843667599e+01
1.785060807940065786e+01
1.775131414630927296e+01
1.765219249784475508e+01
1.755325558013946718e+01
1.745451588497283524e+01
1.735598594792910632e+01
1.725767834651594157e+01
1.715960569824405013e+01
1.706178065866744475e+01
1.696421591938571538e+01
1.686692420600719799e+01
1.676991827607461261e+01
1.667321091695227864e+01
1.657681494367654906e+01
1.648074319676817012e+01
1.638500854000869822e+01
1.628962385818019243e+01
1.619460205476913472e+01
1.609995604963475202e+01
1.600569877664287688e+01
1.591184318126485309e+01
1.581840221814343472e+01
1.572538884862466624e+01
1.563281603825799593e+01
1.554069675426397978e+01
1.544904396297118510e+01
1.535787062722246610e+01
1.526718970375134177e+01
1.517701414053020414e+01
1.508735687408974435e+01
1.499823082681119502e+01
1.490964890419298783e+01
1.482162399209099313e+01
1.473416895393490655e+01
1.464729662792097820e+01
1.456101982418231344e+01
1.447535132193730156e+01
1.439030386661832495e+01
1.430589016698029781e+01
1.422212289219186943e+01
1.393679245214243778e+01
1.385540741051938340e+01
1.377472418690232914e+01
1.369475508279325027e+01
1.361551234026596191e+01
1.353700813898825395e+01
1.345925459323656703e+01
1.338226374890505710e+01
1.330604758051034153e+01
1.323061798819319357e+01
1.315598679471861665e+01
1.308216574247574293e+01
1.300916649047901075e+01
1.293700061137177038e+01
1.286567958843438397e+01
1.279521481259765991e+01
1.272561757946338368e+01
1.265689908633342498e+01
1.258907042924903052e+01
1.252214260004156898e+01
1.245612648339632855e+01
1.239103285393109211e+01
1.232687237329076346e+01
1.226365558725970750e+01
1.220139292289328914e+01
1.214009468567017969e+01
1.207977105666708439e+01
1.202043208975715061e+01
1.196208770883381511e+01
1.190474770506166990e+01
1.184842173415557198e+01
1.179311931368990329e+01
1.173884982043927572e+01
1.168562248775213774e+01
1.163344640295890109e+01
1.158233050481612381e+01
1.153228358098807504e+01
1.148331426556713808e+01
1.143543103663457750e+01
1.138864221386318576e+01
1.134295595616301000e+01
1.129838025937161206e+01
1.125492295399021714e+01
1.121259170296729302e+01
1.117139399953069301e+01
1.113133716506934157e+01
1.109242834706669534e+01
1.105467451708597082e+01
1.101808246880945674e+01
1.098265881613230555e+01
1.094840999131248083e+01
1.091534224317764412e+01
1.088346163539037903e+01
1.085277404477231933e+01
1.082328515968887928e+01
1.079500047849496269e+01
1.076792530804291026e+01
1.074206476225352880e+01
1.071742376075108183e+01
1.057682337946891593e+01
1.055627127408753552e+01
1.053695173577570365e+01
1.051886852939525951e+01
1.050202521991742799e+01
1.048642517158934950e+01
1.047207154716922872e+01
1.045900933948241907e+01
1.044712296827031750e+01
1.043635549055070832e+01
1.042670849431707047e+01
1.041818340217800376e+01
1.041078147126461317e+01
1.040450379318970953e+01
1.039935129405865410e+01
1.039532473453172656e+01
1.039242470993804979e+01
1.039065165044082484e+01
1.039000582125397187e+01
1.039048732290948607e+01
1.039209609157612846e+01
1.039483189942814967e+01
1.039869435506480144e+01
1.040368290397966611e+01
1.040979682907975779e+01
1.041703525125390861e+01
1.042539712999020551e+01
1.043488126404190020e+01
1.044548629214159874e+01
1.045721069376283374e+01
1.047005278992910249e+01
1.048401074406925026e+01
1.049908256291924502e+01
1.051526609746926511e+01
1.053255904395581410e+01
1.055095894489819131e+01
1.057046319017855751e+01
1.059106901816516988e+01
1.061277351687774662e+01
1.063557362519466132e+01
1.065946613410100952e+01
1.068444768797670363e+01
1.071051478592423756e+01
1.073766378313471215e+01
1.076589089229202045e+01
1.079519218501381772e+01
1.082556359332876639e+01
1.085700091118904176e+01
1.088949979601724039e+01
1.092305577028704633e+01
1.095766422313630883e+01
1.099332041201211929e+01
1.103001946434670266e+01
1.106775637926304867e+01
1.110652602930984401e+01
1.114632316222417607e+01
1.118714240272149141e+01
1.122897825431157237e+01
1.127182510113977365e+01
1.131567720985229641e+01
1.136052873148478426e+01
1.140637370337306500e+01
1.145320605108508616e+01
1.150101959037306365e+01
1.154980802914492344e+01
1.159956496945386384e+01
1.165028390950525328e+01
1.167215736543153426e+01
1.172563055633873219e+01
1.178002895960238661e+01
1.183534557937550780e+01
1.189157333058494892e+01
1.194870504101317721e+01
1.200673345338819153e+01
1.206565122748118846e+01
1.212545094221047570e+01
1.218612509775114994e+01
1.224766611764938418e+01
1.231006635094052726e+01
1.237331807426971686e+01
1.243741349401475382e+01
1.250234474840982379e+01
1.256810390966919044e+01
1.263468298611038421e+01
1.270207392427540327e+01
1.277026861104988065e+01
1.283925887577848890e+01
1.290903649237634099e+01
1.297959318143550256e+01
1.305092061232559431e+01
1.312301040528771345e+01
1.319585413352135284e+01
1.326944332526269221e+01
1.334376946585455492e+01
1.341882399980631391e+01
1.349459833284376309e+01
1.357108383394784390e+01
1.364827183738171712e+01
1.372615364470534161e+01
1.380472052677733963e+01
1.388396372574272064e+01
1.396387445700673879e+01
1.404444391119363189e+01
1.412566325608995754e+01
1.420752363857182310e+01
1.429001618651567540e+01
1.437313201069168045e+01
1.445686220663974986e+01
1.454119785652718733e+01
1.462613003098772246e+01
1.471164979094166014e+01
1.479774818939614889e+01
1.488441627322569261e+01
1.497164508493211699e+01
1.505942566438396923e+01
1.514774905053436704e+01
1.523660628311770182e+01
1.532598840432416232e+01
1.541588646045225985e+01
1.550629150353863572e+01
1.559719459296517741e+01
1.568858679704302972e+01
1.578045919457324331e+01
1.587280287638366261e+01
1.596560894684238541e+01
1.605886852534662168e+01
1.615257274778777585e+01
1.624671276799196207e+01
1.634127975913578723e+01
1.643626491513763455e+01
1.653165945202391640e+01
1.662745460927044405e+01
1.672364165111851264e+01
1.682021186786614564e+01
1.691715657713363896e+01
1.701446712510419346e+01
1.711213488773891811e+01
1.721015127196645267e+01
1.730850771684726297e+01
1.740719569471246331e+01
1.749023235374244578e+01
1.758915081980947193e+01
1.768836129650370026e+01
1.778785552339569165e+01
1.788762527967868721e+01
1.798766238510502191e+01
1.808795870089786462e+01
1.818850613063862198e+01
1.828929662112940946e+01
1.839032216323156987e+01
1.849157479268010462e+01
1.859304659087340283e+01
1.869472968563971449e+01
1.879661625197956809e+01
1.889869851278444912e+01
1.900096873953233256e+01
1.910341925295977461e+01
1.920604242371072701e+01
1.930883067296308653e+01
1.941177647303172904e+01
1.951487234794973702e+01
1.961811087402701048e+01
1.972148468038689018e+01
1.982498644948093514e+01
1.992860891758208197e+01
2.003234487525659091e+01
2.013618716781443041e+01
2.024012869573939710e+01
2.034416241509782708e+01
2.044828133792767133e+01
2.055247853260670610e+01
2.065674712420157277e+01
2.076108029479643236e+01
2.086547128380288640e+01
2.096991338825044693e+01
2.107439996305830832e+01
2.117892442128853503e+01
2.128348023438093151e+01
2.138806093236996730e+01
2.149266010408391026e+01
2.159727139732653001e+01
2.170188851904173077e+01
2.180650523546115949e+01
2.191111537223527250e+01
2.201571281454809537e+01
2.212029150721591009e+01
2.222484545477032114e+01
2.232936872152566821e+01
2.243385543163135765e+01
2.253829976910946797e+01
2.264269597787738419e+01
2.274703836175655169e+01
2.285132128446682032e+01
2.295553916960719576e+01
2.305968650062329317e+01
2.316375782076136502e+01
2.326774773300940069e+01
2.337165090002599044e+01
2.347546204405634285e+01
2.357917594683667772e+01
2.368278744948650072e+01
2.378629145238967268e+01
2.388968291506394337e+01
2.399295685601985895e+01
2.409610835260864192e+01
2.419913254085983212e+01
2.430202461530882729e+01
2.440477982881436958e+01
2.450739349236640052e+01
2.460986097488479629e+01
2.471217770300873440e+01
2.481433916087716085e+01
2.491634088990082674e+01
2.501817848852595105e+01
2.504054458467050281e+01
2.514093466063583904e+01
2.524114311667570121e+01
2.534116587945615606e+01
2.544099893039437177e+01
2.554063830537223367e+01
2.564008009444329517e+01
2.573932044153431420e+01
2.583835554414042335e+01
2.593718165301480028e+01
2.603579507185302333e+01
2.613419215697197373e+01
2.623236931698399488e+01
2.633032301246596774e+01
2.642804975562397374e+01
2.652554610995334627e+01
2.662280868989470406e+01
2.671983416048569637e+01
2.681661923700904993e+01
2.691316068463688893e+01
2.700945531807165167e+01
2.710550000118333003e+01
2.720129164664407639e+01
2.729682721555940361e+01
2.739210371709684466e+01
2.748711820811161743e+01
2.758186779277029643e+01
2.767634962217176309e+01
2.777056089396595695e+01
2.786449885197085763e+01
2.795816078578746655e+01
2.805154403041297329e+01
2.814464596585235512e+01
2.823746401672864792e+01
2.832999565189180302e+01
2.842223838402623315e+01
2.851418976925755189e+01
2.860584740675823312e+01
2.869720893835250308e+01
2.878827204812050411e+01
2.887903446200198943e+01
2.896949394739947792e+01
2.905964831278107852e+01
2.914949540728331101e+01
2.923903312031339397e+01
2.932825938115192344e+01
2.941717215855537049e+01
2.950576946035909387e+01
2.959404933308006846e+01
2.968200986152072574e+01
2.976964916837280839e+01
2.985696541382170111e+01
2.994395679515195496e+01
3.003062154635289716e+01
3.011695793772559071e+01
3.020296427549037332e+01
3.028863890139549753e+01
3.037398019232695034e+01
3.045898655991902260e+01
3.054365645016666164e+01
3.062798834303841033e+01
3.071198075209134615e+01
3.079563222408691558e+01
3.087894133860845614e+01
3.096190670768039155e+01
3.104452697538860306e+01
3.112680081750274041e+01
3.120872694110041579e+01
3.129030408419237830e+01
3.137153101535053423e+01
3.145240653333697978e+01
3.153292946673525421e+01
3.161309867358363235e+01
3.169291304101011164e+01
3.177237148486973339e+01
3.185147294938370877e+01
3.193021640678088247e+01
3.200860085694102963e+01
3.208662532704078529e+01
3.216428887120120095e+01
3.224159057013805807e+01
3.231852953081425284e+01
3.239510488609430894e+01
3.247131579440156202e+01
3.254716143937741180e+01
3.262264102954316769e+01
3.269775379796404025e+01
3.277249900191584686e+01
3.284687592255399124e+01
3.292088386458495108e+01
3.299452215594024551e+01
3.306779014745281131e+01
3.314068721253619287e+01
3.321321274686586378e+01
3.328536616806341897e+01
3.335714691538315435e+01
3.322990093399960898e+01
3.329971488310282979e+01
3.336915553810855783e+01
3.343822244141253464e+01
3.350691515498425588e+01
3.357523326007620312e+01
3.364317635693561925e+01
3.371074406451896266e+01
3.377793602020884123e+01
3.384475187953371034e+01
3.391119131588980196e+01
3.397725402026626540e+01
3.404293970097216970e+01
3.410824808336673897e+01
3.417317890959176907e+01
3.423773193830695050e+01
3.430190694442739385e+01
3.436570371886408992e+01
3.442912206826685662e+01
3.449216181476983678e+01
3.455482279573942606e+01
3.461710486352509264e+01
3.467900788521251343e+01
3.474053174237926100e+01
3.480167633085318357e+01
3.486244156047334286e+01
3.492282735485320444e+01
3.498283365114653520e+01
3.504246039981608618e+01
3.510170756440431461e+01
3.516057512130669949e+01
3.521906305954789218e+01
3.527717138055998447e+01
3.533490009796332032e+01
3.539224923734983008e+01
3.544921883606878765e+01
3.550580894301494084e+01
3.556201961841908599e+01
3.561785093364115085e+01
3.567330297096542324e+01
3.572837582339850115e+01
3.578306959446924651e+01
3.583738439803133247e+01
3.589132035806805021e+01
3.594487760849956715e+01
3.599805629299204668e+01
3.605085656476978784e+01
3.610327858642901333e+01
3.615532252975420135e+01
3.620698857553665562e+01
3.625827691339523540e+01
3.630918774159945173e+01
3.635972126689448203e+01
3.640987770432878534e+01
3.645965727708346549e+01
3.650906021630416376e+01
3.655808676093479903e+01
3.660673715755354607e+01
3.665501166021105917e+01
3.670291053027052186e+01
3.675043403625006277e+01
3.679758245366689096e+01
3.684435606488386838e+01
3.689075515895778068e+01
3.693678003148979627e+01
3.698243098447781563e+01
3.702770832617098051e+01
3.707261237092592410e+01
3.711714343906503899e+01
3.716130185673676323e+01
3.720508795577772077e+01
3.724850207357667387e+01
3.729154455294044368e+01
3.733421574196179193e+01
3.737651599388882317e+01
3.741844566699662522e+01
3.746000512446040176e+01
3.750119473423045946e+01
3.754201486890930539e+01
3.758246590562983869e+01
3.762254822593605041e+01
3.766226221566478216e+01
3.770160826482972993e+01
3.774058676750676966e+01
3.777919812172110881e+01
3.781744272933621431e+01
3.785532099594411193e+01
3.789283333075756133e+01
3.792998014650385841e+01
3.796676185931979575e+01
3.800317888864898919e+01
3.803923165713992915e+01
3.807492059054631284e+01
3.811024611762837822e+01
3.814520867005595051e+01
3.817980868231315128e+01
3.821404659160429418e+01
3.824792283776148594e+01
3.828143786315359165e+01
3.831459211259667086e+01
3.834738603326572814e+01
3.837982007460814060e+01
3.841189468825815823e+01
3.844361032795304567e+01
3.847496744945041058e+01
3.850596651044702412e+01
3.853660797049894882e+01
3.856689229094277493e+01
3.859681993481860474e+01
3.862639136679389651e+01
3.865560705308880785e+01
3.835488605756368230e+01
3.838231515665541593e+01
3.840939107356057747e+01
3.843611427357289045e+01
3.846248522315367069e+01
3.848850438986651312e+01
3.851417224231351355e+01
3.853948925007223636e+01
3.856445588363410337e+01
3.858907261434364244e+01
3.861333991433919977e+01
3.863725825649425616e+01
3.866082811436038469e+01
3.868404996211070568e+01
3.870692427448492623e+01
3.872945152673501923e+01
3.875163219457211028e+01
3.877346675411450150e+01
3.879495568183641296e+01
3.881609945451795340e+01
3.883689854919605722e+01
3.885735344311619599e+01
3.887746461368538320e+01
3.889723253842576156e+01
3.891665769492949778e+01
3.893574056081425994e+01
3.895448161367995965e+01
3.897288133106602004e+01
3.899094019040995818e+01
3.900865866900644363e+01
3.902603724396760043e+01
3.904307639218391301e+01
3.905977659028609139e+01
3.907613831460780318e+01
3.909216204114921567e+01
3.910784824554135497e+01
3.912319740301122550e+01
3.913820998834788156e+01
3.915288647586929471e+01
3.916722733938969725e+01
3.918123305218811936e+01
3.919490408697747341e+01
3.920824091587442695e+01
3.922124401037005725e+01
3.923391384130120230e+01
3.924625087882262875e+01
3.925825559237978979e+01
3.926992845068248528e+01
3.928126992167902642e+01
3.929228047253130285e+01
3.930296056959026885e+01
3.931331067837255944e+01
3.932333126353719166e+01
3.933302278886349512e+01
3.934238571722929123e+01
3.935142051059004586e+01
3.936012762995824232e+01
3.936850753538403325e+01
3.937656068593572201e+01
3.938428753968166518e+01
3.939168855367219635e+01
3.939876418392235990e+01
3.940551488539529856e+01
3.941194111198636563e+01
3.941804331650727988e+01
3.942382195067155948e+01
3.942927746508004105e+01
3.943441030920710944e+01
3.943922093138758811e+01
3.944370977880396367e+01
3.944787729747443450e+01
3.945172393224116547e+01
3.945525012675945931e+01
3.945845632348705578e+01
3.946134296367431915e+01
3.946391048735459606e+01
3.946615933333543325e+01
3.946808993919001551e+01
3.946970274124921474e+01
3.947099817459415760e+01
3.947197667304924806e+01
3.947263866917561614e+01
3.947298459426515649e+01
3.947301487833492217e+01
3.947272995012207986e+01
3.947213023707925572e+01
3.947121616537038591e+01
3.946998815986693643e+01
3.946844664414467019e+01
3.946659204048078351e+01
3.946442476985155423e+01
3.946194525193023850e+01
3.945915390508567100e+01
3.945605114638093625e+01
3.945263739157292093e+01
3.944891305511179525e+01
3.944487855014115496e+01
3.944053428849858278e+01
3.943588068071648678e+01
3.943091813602344331e+01
3.942564706234586680e+01
3.942006786631007742e+01
3.941418095324476667e+01
3.940798672718387508e+01
3.940148559086954805e+01
3.939467794575614334e+01
3.938756419201381220e+01
3.938014472853292602e+01
3.937241995292878727e+01
3.936439026154652510e+01
3.935605604946659497e+01
3.934741771051039194e+01
3.933847563724635421e+01
3.932923022099640065e+01
3.931968185184268805e+01
3.930983091863445367e+01
3.929967780899578855e+01
3.928922290933307693e+01
3.927846660484321006e+01
3.881319600374092715e+01
3.880086228474136334e+01
3.878822896410935783e+01
3.877529642275350596e+01
3.876206504052997559e+01
3.874853519625310128e+01
3.873470726770645456e+01
3.872058163165383604e+01
3.870615866385115567e+01
3.869143873905804298e+01
3.867642223104994770e+01
3.866110951263084416e+01
3.864550095564555221e+01
3.862959693099299585e+01
3.861339780863944071e+01
3.859690395763200854e+01
3.858011574611246886e+01
3.856303354133142847e+01
3.854565770966262050e+01
3.852798861661768370e+01
3.851002662686092748e+01
3.849177210422468676e+01
3.847322541172457022e+01
3.845438691157541200e+01
3.843525696520691071e+01
3.841583593328029167e+01
3.839612417570442915e+01
3.837612205165277857e+01
3.835582991958030163e+01
3.833524813724072544e+01
3.831437706170408575e+01
3.829321704937436976e+01
3.827176845600764210e+01
3.825003163673009965e+01
3.822800694605670202e+01
3.820569473790988724e+01
3.818309536563835849e+01
3.816020918203648193e+01
3.813703653936359217e+01
3.811357778936363871e+01
3.808983328328525886e+01
3.806580337190162311e+01
3.804148840553109068e+01
3.801688873405754521e+01
3.799200470695133447e+01
3.796683667329035217e+01
3.794138498178119789e+01
3.791564998078067816e+01
3.788963201831758454e+01
3.786333144211459967e+01
3.783674859961038806e+01
3.780988383798197816e+01
3.778273750416742160e+01
3.775530994488855185e+01
3.772760150667393475e+01
3.769961253588220274e+01
3.767134337872540328e+01
3.764279438129266708e+01
3.761396588957416043e+01
3.758485824948500920e+01
3.755547180688965625e+01
3.752580690762638227e+01
3.749586389753189763e+01
3.746564312246631800e+01
3.743514492833818963e+01
3.740436966112986283e+01
3.737331766692302182e+01
3.734198929192412919e+01
3.731038488249073026e+01
3.727850478515723154e+01
3.724634934666138264e+01
3.721391891397065166e+01
3.718121383430898419e+01
3.714823445518371869e+01
3.711498112441255159e+01
3.708145419015090738e+01
3.704765400091941530e+01
3.701358090563149972e+01
3.697923525362126185e+01
3.694461739467157457e+01
3.690972767904223417e+01
3.687456645749828965e+01
3.683913408133895473e+01
3.680343090242602955e+01
3.676745727321316792e+01
3.673121354677482486e+01
3.669470007683578672e+01
3.665791721780051660e+01
3.662086532478306111e+01
3.658354475363677949e+01
3.654595586098453452e+01
3.650809900424879828e+01
3.646997454168232622e+01
3.643158283239852580e+01
3.639292423640236507e+01
3.635399911462140210e+01
3.631480782893680725e+01
3.627535074221469102e+01
3.623562821833775871e+01
3.619564062223672352e+01
3.615538831992247992e+01
3.611487167851777258e+01
3.607409106628961837e+01
3.603304685268157925e+01
3.599173940834632646e+01
3.595016910517833253e+01
3.590833631634667711e+01
3.586624141632813689e+01
3.582388478094050299e+01
3.578126678737565669e+01
3.573838781423346234e+01
3.569524824155514153e+01
3.565184845085731524e+01
3.560818882516608141e+01
3.556426974905104998e+01
3.552009160865978998e+01
3.547565479175228376e+01
3.543095968773567250e+01
3.538600668769903024e+01
3.534079618444833670e+01
3.529532857254174161e+01
3.524960424832471517e+01
3.520362360996549711e+01
3.515738705749094350e+01
3.511089499282200421e+01
3.506414781980979001e+01
3.501714594427164684e+01
3.496988977402728693e+01
3.492237971893533199e+01
3.487461619092957932e+01
3.482659960405588606e+01
3.477833037450889719e+01
3.472980892066894398e+01
3.468103566313931907e+01
3.463201102478333837e+01
3.458273543076181511e+01
3.453320930857064752e+01
3.448343308807838525e+01
3.443340720156403734e+01
3.438313208375517860e+01
3.433260817186577896e+01
3.428183590563474326e+01
3.423081572736393952e+01
3.417954808195694483e+01
3.412803341695753545e+01
3.407627218258844692e+01
3.402426483179029759e+01
3.397201182026057609e+01
3.391951360649284197e+01
3.386677065181580559e+01
3.381378342043299767e+01
3.376055237946198417e+01
3.370707799897418511e+01
3.365336075203465072e+01
3.359940111474175239e+01
3.354519956626733546e+01
3.349075658889674401e+01
3.343607266806909450e+01
3.338114829241751380e+01
3.332598395380968270e+01
3.327058014738835112e+01
3.321493737161192428e+01
3.315905612829534022e+01
3.310293692265089760e+01
3.304658026332914034e+01
3.298998666246011169e+01
3.293315663569433127e+01
3.287609070224421259e+01
3.281878938492531006e+01
3.276125321019788572e+01
3.270348270820835523e+01
3.264547841283108909e+01
3.258724086170982304e+01
3.252877059629990697e+01
3.247006816190981482e+01
3.241113410774335790e+01
3.235196898694169221e+01
3.229257335662530437e+01
3.223294777793643817e+01
3.217309281608136473e+01
3.211300904037248927e+01
3.205269702427109024e+01
3.199215734542958245e+01
3.193139058573428102e+01
3.187039733134773201e+01
3.180917817275167891e+01
3.174773370478968104e+01
3.106759082761044155e+01
3.100503176505293013e+01
3.094225277518233952e+01
3.087925450321723986e+01
3.081603759914741758e+01
3.075260271777673893e+01
3.068895051876577895e+01
3.062508166667455356e+01
3.056099683100522668e+01
3.049669668624489560e+01
3.043218191190835853e+01
3.036745319258072229e+01
3.030251121796045766e+01
3.023735668290183298e+01
3.017199028745788425e+01
3.010641273692303344e+01
3.004062474187594489e+01
2.997462701822220410e+01
2.990842028723695378e+01
2.984200527560755134e+01
2.977538271547645721e+01
2.970855334448357254e+01
2.964151790580902457e+01
2.957427714821561793e+01
2.950683182609149924e+01
2.943918269949236688e+01
2.937133053418425277e+01
2.930327610168558294e+01
2.923502017930972130e+01
2.916656355020704794e+01
2.909790700340731817e+01
2.902905133386182612e+01
2.895999734248520596e+01
2.889074583619773406e+01
2.882129762796699168e+01
2.875165353684991487e+01
2.868181438803426175e+01
2.861178101288057718e+01
2.854155424896343618e+01
2.847113494011309598e+01
2.840052393645677142e+01
2.832972209445984291e+01
2.825873027696702167e+01
2.818754935324327349e+01
2.811618019901476728e+01
2.804462369650963538e+01
2.797288073449849932e+01
2.790095220833498857e+01
2.782883901999613840e+01
2.775654207812239704e+01
2.768406229805779972e+01
2.761140060188985856e+01
2.753855791848918599e+01
2.746553518354905421e+01
2.739233333962476991e+01
2.731895333617286781e+01
2.724539612959019408e+01
2.717166268325246392e+01
2.709775396755323840e+01
2.702367095994204149e+01
2.694941464496277561e+01
2.687498601429160772e+01
2.680038606677482349e+01
2.672561580846630136e+01
2.665067625266502915e+01
2.657556841995194574e+01
2.650029333822712019e+01
2.642485204274603916e+01
2.634924557615628160e+01
2.627347498853336916e+01
2.619754133741684754e+01
2.612144568784558984e+01
2.604518911239349066e+01
2.596877269120408016e+01
2.589219751202545439e+01
2.581546467024481473e+01
2.573857526892241054e+01
2.566153041882551378e+01
2.558433123846189261e+01
2.550697885411302224e+01
2.542947439986695102e+01
2.535181901765091794e+01
2.527401385726350114e+01
2.519606007640643952e+01
2.511795884071627682e+01
2.503971132379548692e+01
2.496131870724315860e+01
2.488278218068550984e+01
2.480410294180600062e+01
2.472528219637482749e+01
2.464632115827829750e+01
2.456722104954770458e+01
2.448798310038775838e+01
2.440860854920462941e+01
2.432909864263360689e+01
2.424945463556632319e+01
2.416967779117751647e+01
2.408976938095128872e+01
2.400973068470711880e+01
2.392956299062516479e+01
2.384926759527130358e+01
2.376884580362165522e+01
2.368829892908659218e+01
2.360762829353417658e+01
2.352683522731328480e+01
2.344592106927617792e+01
2.336488716680056044e+01
2.328373487581097834e+01
2.320246556080001099e+01
2.312108059484852873e+01
2.303958135964582965e+01
2.295796924550894857e+01
2.287624565140150423e+01
2.279441198495203125e+01
2.271246966247161936e+01
2.263042010897114054e+01
2.254826475817782239e+01
2.246600505255110747e+01
2.238364244329819641e+01
2.230117839038861760e+01
2.221861436256869737e+01
2.213595183737473704e+01
2.205319230114618634e+01
2.197033724903782925e+01
2.188738818503142980e+01
2.180434662194674189e+01
2.172121408145169497e+01
2.163799209407232738e+01
2.155468219920143724e+01
2.147128594510717647e+01
2.138780488894050436e+01
2.130424059674203718e+01
2.122059464344843249e+01
2.113686861289780339e+01
2.105306409783441879e+01
2.096918269991280326e+01
2.088522602970112629e+01
2.080119570668358620e+01
2.071709335926233564e+01
2.063292062475847288e+01
2.054867914941241125e+01
2.046437058838322542e+01
2.037999660574754301e+01
2.029555887449729923e+01
2.021105907653700129e+01
2.012649890268001229e+01
2.004188005264400019e+01
1.995720423504567975e+01
1.987247316739464864e+01
1.978768857608636367e+01
1.970285219639446694e+01
1.961796577246190409e+01
1.953303105729145628e+01
1.944804981273538402e+01
1.871408699654588403e+01
1.862943865955527301e+01
1.854475938371989585e+01
1.846005100657499653e+01
1.837531537420926853e+01
1.829055434124375168e+01
1.820576977080972725e+01
1.812096353452564301e+01
1.803613751247321773e+01
1.795129359317251883e+01
1.786643367355588907e+01
1.778155965894135448e+01
1.769667346300445487e+01
1.761177700774955568e+01
1.752687222347996965e+01
1.744196104876699849e+01
1.735704543041823555e+01
1.727212732344458246e+01
1.718720869102632776e+01
1.710229150447830193e+01
1.701737774321382801e+01
1.693246939470778756e+01
1.684756845445864215e+01
1.676267692594921144e+01
1.667779682060664470e+01
1.659293015776117741e+01
1.650807896460397473e+01
1.642324527614359297e+01
1.633843113516184076e+01
1.625363859216813367e+01
1.616886970535297152e+01
1.608412654054036750e+01
1.599941117113896638e+01
1.591472567809247529e+01
1.583007214982840338e+01
1.574545268220633965e+01
1.566086937846448102e+01
1.557632434916582298e+01
1.549181971214237130e+01
1.540735759243893810e+01
1.532294012225538182e+01
1.523856944088793597e+01
1.515424769466934585e+01
1.506997703690796975e+01
1.498575962782546789e+01
1.490159763449373820e+01
1.481749323077034575e+01
1.473344859723314570e+01
1.464946592111348522e+01
1.456554739622844252e+01
1.448169522291181188e+01
1.439791160794405833e+01
1.431419876448085127e+01
1.423055891198091771e+01
1.414699427613221339e+01
1.406350708877733524e+01
1.398009958783755202e+01
1.389677401723583472e+01
1.381353262681856187e+01
1.373037767227624428e+01
1.364731141506293177e+01
1.356433612231461083e+01
1.348145406676630209e+01
1.339866752666813632e+01
1.331597878570016746e+01
1.323339013288603816e+01
1.315090386250565579e+01
1.306852227400641908e+01
1.298624767191356710e+01
1.290408236573917478e+01
1.282202866989023704e+01
1.274008890357528934e+01
1.265826539071010792e+01
1.257656045982230886e+01
1.249497644395458629e+01
1.241351568056701637e+01
1.233218051143807692e+01
1.225097328256462070e+01
1.216989634406080789e+01
1.208895205005558893e+01
1.200814275858956925e+01
1.192747083151026466e+01
1.184693863436643468e+01
1.176654853630158826e+01
1.168630290994573784e+01
1.160620413130686934e+01
1.152625457966048117e+01
1.144645663743871999e+01
1.136681269011803685e+01
1.128732512610593375e+01
1.120799633662658579e+01
1.112882871560537268e+01
1.104982465955238169e+01
1.097098656744489809e+01
1.089231684060878536e+01
1.081381788259885646e+01
1.073549209907825563e+01
1.065734189769670337e+01
1.057936968796776789e+01
1.050157788114530000e+01
1.042396889009862271e+01
1.034654512918684510e+01
1.026930901413219388e+01
1.019226296189238212e+01
1.011540939053196730e+01
1.003875071909281402e+01
9.962289367463558420e+00
9.886027756248202181e+00
9.809968306633690460e+00
9.734113440256669136e+00
9.658465579069334339e+00
9.583027145204219721e+00
9.507800560838441939e+00
9.432788248056747094e+00
9.357992628713788008e+00
9.283416124295753136e+00
9.209061155780878138e+00
9.134930143499362387e+00
9.061025506992216094e+00
8.987349664869674015e+00
8.913905034668486493e+00
8.840694032708661609e+00
8.767719073949367115e+00
8.694982571843972607e+00
8.622486938194640516e+00
8.550234583006062650e+00
8.478227914338297921e+00
8.406469338159276106e+00
8.334961258196413425e+00
8.263706075787647265e+00
8.192706189731767452e+00
8.121963996138161335e+00
8.051481888276107668e+00
7.981262256423041102e+00
7.911307487712776698e+00
7.841619965982853380e+00
7.772202071621330255e+00
7.703056181413227677e+00
7.634184668386283512e+00
7.565589901656409211e+00
7.497274246272376708e+00
7.429240063060463584e+00
7.361489708468169191e+00
7.294025534408008937e+00
7.226849888100471020e+00
7.159965111916935854e+00
7.093373543221916044e+00
7.027077514215288367e+00
6.961079351773850732e+00
6.895381377292830294e+00
6.829985906526998996e+00
6.764895249431522650e+00
6.700111710002520482e+00
6.635637586117530518e+00
6.571475169375581515e+00
6.507626744937235586e+00
6.444094591364351921e+00
6.380880980459764373e+00
6.317988177106788505e+00
6.255139577186841215e+00
6.192166989899602569e+00
6.129530332959957306e+00
6.067232014046582300e+00
6.005274433048963800e+00
5.943659981888152366e+00
5.882391044337482278e+00
5.821469995843133738e+00
5.760899203344676422e+00
5.700681025095668986e+00
5.640817810484167083e+00
5.581311899853410807e+00
5.522165624322465938e+00
5.463381305607130756e+00
5.404961255840644796e+00
5.346907777394897643e+00
5.289223162701647496e+00
5.231909694073915595e+00
5.174969643527560059e+00
5.118405272603361311e+00
5.062218832189119055e+00
5.006412562342034356e+00
4.950988692111722322e+00
4.895949439363204370e+00
4.841297010600619011e+00
4.787033600791105847e+00
4.733161393189219801e+00
4.679682559161829403e+00
4.626599258013442295e+00
4.573913636812139138e+00
4.521627830215897426e+00
4.469743960299775942e+00
4.418264136383274199e+00
4.367190454858714155e+00
4.316524999020106002e+00
4.266269838892636557e+00
4.216427031062922381e+00
4.166998618510161734e+00
4.117986630437626694e+00
4.069393082105464465e+00
4.021219974663917007e+00
3.655841935939994958e+00
3.611198936753665212e+00
3.566989188124793930e+00
3.523214534219262006e+00
3.479876803591690937e+00
3.436977809032297326e+00
3.394519347414945987e+00
3.352503199546431834e+00
3.310931130016706803e+00
3.269804887050659303e+00
3.229126202360731668e+00
3.188896791001059938e+00
3.149118351222840673e+00
3.109792564330899900e+00
3.070921094541654739e+00
3.032505588842491218e+00
2.994547676852295393e+00
2.957048970683688438e+00
2.920011064806435908e+00
2.883435535912378000e+00
2.847323942781821327e+00
2.811677826151512960e+00
2.776498708583970743e+00
2.741788094338434512e+00
2.707547469243396066e+00
2.673778300570629707e+00
2.640482036910931196e+00
2.607660108051354619e+00
2.575313924854203407e+00
2.543444879137672476e+00
2.512054343558042024e+00
2.481143671493795999e+00
2.450714196931300215e+00
2.420767234352295461e+00
2.391304078623152751e+00
2.362326004885907604e+00
2.333834268451085769e+00
2.305830104692413229e+00
2.278314728943286127e+00
2.251289336395148499e+00
2.224755101997776485e+00
2.198713180361399289e+00
2.173164705660769247e+00
2.148110791541173015e+00
2.123552531026355439e+00
2.099490996428420075e+00
2.075927239259763191e+00
2.052862290146921342e+00
2.030297158746469321e+00
2.008232833662946248e+00
1.986670282368826257e+00
1.965610451126541536e+00
1.945054264912525754e+00
1.925002627343417538e+00
1.905456420604316747e+00
1.886416505379140851e+00
1.867883720783124923e+00
1.849858884297414185e+00
1.832342791705841245e+00
1.815336217033841626e+00
1.798839912489537785e+00
1.782854608406963637e+00
1.767381013191515748e+00
1.752419813267594773e+00
1.737971673028393393e+00
1.724037234787996864e+00
1.710617118735598519e+00
1.697711922891989245e+00
1.685322223068303593e+00
1.673448572826973013e+00
1.662091503444892204e+00
1.651251523878947580e+00
1.640929120733696234e+00
1.631124758231351723e+00
1.621838878184044042e+00
1.613071899968335110e+00
1.604824220502051535e+00
1.597096214223312272e+00
1.589888233071923951e+00
1.583200606473064820e+00
1.577033641323143831e+00
1.571387621978072913e+00
1.566262810243789660e+00
1.561659445369051324e+00
1.557577744040522960e+00
1.554017900380190165e+00
1.550980085945022235e+00
1.548464449728939263e+00
1.546471118167091152e+00
1.545000195142373745e+00
1.544051761994289729e+00
1.543625877530018675e+00
1.543722578037841853e+00
1.544341877302785715e+00
1.545483766624554001e+00
1.547148214837709812e+00
1.549335168334197821e+00
1.552044551087962132e+00
1.555276264682012410e+00
1.559030188337551248e+00
1.563306178945454761e+00
1.568104071099941210e+00
1.573423677134507592e+00
1.579264787159949002e+00
1.585627169104775858e+00
1.592510568757686595e+00
1.599914709812267466e+00
1.607839293913880141e+00
1.616284000708735569e+00
1.625248487895099014e+00
1.634732391276620067e+00
1.644735324817885314e+00
1.655256880701998501e+00
1.666296629390342066e+00
1.677854119684412781e+00
1.689928878789746181e+00
1.702520412381911763e+00
1.715628204674622292e+00
1.729251718489791312e+00
1.743390395329757370e+00
1.758043655451359877e+00
1.773210897942253617e+00
1.788891500798935441e+00
1.805084821006989415e+00
1.821790194623140069e+00
1.839006936859357122e+00
1.856734342168734564e+00
1.874971684333499589e+00
1.893718216554676648e+00
1.912973171543843165e+00
1.932735761616540593e+00
1.953005178787714069e+00
1.973780594868881577e+00
1.995061161567015295e+00
2.016846010585457982e+00
2.039134253726297086e+00
2.061924982994744138e+00
2.085217270705127302e+00
2.109010169588549477e+00
2.133302712902286569e+00
2.158093914540909264e+00
2.183382769148899616e+00
2.209168252235065300e+00
2.235449320288375397e+00
2.262224910895581864e+00
2.289493942860219899e+00
2.317255316323184822e+00
2.345507912884956525e+00
2.374250595729150870e+00
2.403482209747648923e+00
2.433201581667094437e+00
2.463407520176872367e+00
2.494098816058532009e+00
2.525274242316438489e+00
2.556932554309967021e+00
2.589072489886941941e+00
2.621692769518277011e+00
2.654792096434131388e+00
2.688369156761150958e+00
2.722422619661012178e+00
2.756951137470168955e+00
2.791953345840785694e+00
2.827427863882841397e+00
2.863373294307387518e+00
2.899788223570889389e+00
2.936671222020682759e+00
2.974020844041478817e+00
3.011835628202991888e+00
3.050114097408395342e+00
3.088854759043993869e+00
3.128056105129652043e+00
3.167716612470470317e+00
3.207834742808908679e+00
3.248408942978311842e+00
3.289437645056889181e+00
3.330919266522802680e+00
3.372852210409957419e+00
3.415234865464531033e+00
3.458065606302524575e+00
3.501342793567625122e+00
3.545064774090128878e+00
3.589229881046521964e+00
3.633836434119534609e+00
3.678882739659009804e+00
3.724367090843368810e+00
3.770287767841468796e+00
3.816643037975337549e+00
3.863431155883244372e+00
3.910650363683264796e+00
3.958298891137436382e+00
4.006374955816334626e+00
4.054876763264112505e+00
4.103802507163832658e+00
4.153150369503399553e+00
4.202918520741682151e+00
4.253105119974985193e+00
4.303708315103986770e+00
4.354726243000747843e+00
4.406157029676170289e+00
4.457998790447621040e+00
4.727307007168262132e+00
4.781770508700930122e+00
4.836626815986808658e+00
4.891873976582480132e+00
4.947510029121430009e+00
5.003533003480023389e+00
5.059940920943795106e+00
5.116731794373654552e+00
5.173903628371737007e+00
5.231454419447543636e+00
5.289382156183554784e+00
5.347684819401060885e+00
5.406360382325601677e+00
5.465406810752282851e+00
5.524822063210905299e+00
5.584604091130828785e+00
5.644750839005687304e+00
5.705260244557647020e+00
5.766130238901562066e+00
5.827358746708694248e+00
5.888943686370247121e+00
5.950882970160368046e+00
6.013174504398969944e+00
6.075816189613971297e+00
6.138805920703457097e+00
6.202141587096867248e+00
6.265821072916380352e+00
6.329842257137446637e+00
6.394203013748844810e+00
6.458901211912457363e+00
6.523934716122329114e+00
6.589301386363322521e+00
6.654999078269210777e+00
6.721025643280113648e+00
6.787378928799520317e+00
6.854056778350438250e+00
6.921057031731342235e+00
6.988377525171158844e+00
7.056016091483599872e+00
7.123970560221226656e+00
7.192238757828326001e+00
7.260818507793384669e+00
7.329707630800933238e+00
7.398903944882430750e+00
7.468405265566627094e+00
7.538209406029045212e+00
7.608314177240779408e+00
7.678717388116488962e+00
7.749416845661603936e+00
7.820410355118806223e+00
7.891695720113550472e+00
7.963270742798918000e+00
8.035133223999519458e+00
8.107280963354741132e+00
8.179711759460687404e+00
8.252423410011903826e+00
8.325413711941651584e+00
8.398680461561593091e+00
8.472221454700450849e+00
8.546034486841861622e+00
8.620117353261107951e+00
8.694467849161199524e+00
8.769083769807826556e+00
8.843962910663337951e+00
8.919103067519777994e+00
8.994502036631143227e+00
9.070157614844498895e+00
9.146067599729816422e+00
9.222229789709492920e+00
9.298641984186446052e+00
9.375301983670873085e+00
9.452207589906773677e+00
9.529356605996945007e+00
9.606746836526903977e+00
9.684376087687939005e+00
9.762242167399188375e+00
9.840342885428448483e+00
9.918676053512015756e+00
9.997239485473583542e+00
1.007603099734192043e+01
1.015504840746744364e+01
1.023428953663789542e+01
1.031375220819276706e+01
1.039343424813669969e+01
1.047333348525184071e+01
1.055344775120896017e+01
1.063377488067767018e+01
1.071431271143524278e+01
1.079505908447471363e+01
1.087601184411150612e+01
1.095716883808911213e+01
1.103852791768368569e+01
1.112008693780740032e+01
1.120184375711085956e+01
1.128379623808411836e+01
1.136594224715683055e+01
1.144827965479717236e+01
1.153080633560944079e+01
1.161352016843103385e+01
1.169641903642771119e+01
1.177950082718795777e+01
1.186276343281646106e+01
1.194620475002602689e+01
1.202982268022858392e+01
1.211361512962501941e+01
1.219758000929396147e+01
1.228171523527925935e+01
1.236601872867636942e+01
1.245048841571774645e+01
1.253512222785701979e+01
1.261991810185174323e+01
1.270487397984561895e+01
1.278998780944906599e+01
1.287525754381887388e+01
1.296068114173662167e+01
1.304625656768612352e+01
1.313198179192975523e+01
1.321785479058326729e+01
1.330387354568998148e+01
1.339003604529372993e+01
1.347634028351033209e+01
1.356278426059844833e+01
1.364936598302899640e+01
1.373608346355361931e+01
1.382293472127186185e+01
1.390991778169757076e+01
1.399703067682375490e+01
1.408427144518675789e+01
1.417163813192903987e+01
1.425912878886111912e+01
1.434674147452209247e+01
1.443447425423961050e+01
1.452232520018800699e+01
1.461029239144612291e+01
1.469837391405363114e+01
1.478656786106643040e+01
1.487487233261073705e+01
1.496328543593658011e+01
1.505180528546985741e+01
1.514043000286342000e+01
1.522915771704725962e+01
1.531798656427756100e+01
1.540691468818469545e+01
1.549594023982012736e+01
1.558506137770258881e+01
1.567427626786292372e+01
1.576358308388790341e+01
1.585298000696343301e+01
1.594246522591631710e+01
1.603203693725519585e+01
1.612169334521069075e+01
1.621143266177405451e+01
1.630125310673554040e+01
1.639115290772111422e+01
1.648113030022872749e+01
1.657118352766348224e+01
1.666131084137131779e+01
1.675151050067293923e+01
1.684178077289548980e+01
1.693211993340417365e+01
1.702252626563258531e+01
1.711299806111222566e+01
1.720353361950105864e+01
1.729413124861128992e+01
1.738478926443591632e+01
1.747550599117491288e+01
1.756627976125983537e+01
1.765710891537836247e+01
1.774799180249714325e+01
1.783892677988451325e+01
1.792991221313183914e+01
1.802094647617410317e+01
1.811202795130983745e+01
1.820315502922023398e+01
1.829432610898708944e+01
1.838553959811016014e+01
1.847679391252373193e+01
1.856808747661244752e+01
1.865941872322599693e+01
1.875078609369333904e+01
1.884218803783596385e+01
1.893362301398062186e+01
1.902508948897076024e+01
1.911658593817789509e+01
1.920811084551166559e+01
1.929966270342930912e+01
1.939124001294451460e+01
1.948284128363539125e+01
1.957446503365183332e+01
1.966610978972192925e+01
1.975777408715801542e+01
1.984945646986172818e+01
1.994115549032839851e+01
2.003286970965103109e+01
2.012459769752314998e+01
2.021633803224129977e+01
2.030808930070677931e+01
2.039985009842678565e+01
2.049161902951474445e+01
2.058339470668997961e+01
2.101380403155400245e+01
2.110524218707476507e+01
2.119515443674342592e+01
2.128386333431408062e+01
2.137256337415907836e+01
2.146125336957277341e+01
2.154993214171014770e+01
2.163859851957769820e+01
2.172725134002320146e+01
2.181588944772572347e+01
2.190451169518463104e+01
2.199311694270853934e+01
2.208170405840365191e+01
2.217027191816166720e+01
2.225881940564756079e+01
2.234734541228626981e+01
2.243584883724992096e+01
2.252432858744383282e+01
2.261278357749244705e+01
2.270121272972514959e+01
2.278961497416111115e+01
2.287798924849424509e+01
2.296633449807766425e+01
2.305464967590754810e+01
2.314293374260707736e+01
2.323118566640954441e+01
2.331940442314154538e+01
2.340758899620550437e+01
2.349573837656209818e+01
2.358385156271205929e+01
2.367192756067819559e+01
2.375996538398624125e+01
2.384796405364640393e+01
2.393592259813363299e+01
2.402384005336839579e+01
2.411171546269667942e+01
2.419954787686965503e+01
2.428733635402355162e+01
2.437507995965859919e+01
2.446277776661825598e+01
2.455042885506779626e+01
2.463803231247289105e+01
2.472558723357763455e+01
2.481309272038256353e+01
2.490054788212244574e+01
2.498795183524348218e+01
2.507530370338079706e+01
2.516260261733519954e+01
2.524984771505004488e+01
2.533703814158756273e+01
2.542417304910538078e+01
2.551125159683258659e+01
2.559827295104524225e+01
2.568523628504263812e+01
2.577214077912212531e+01
2.585898562055482586e+01
2.594577000356049723e+01
2.603249312928251769e+01
2.611915420576241686e+01
2.620575244791458047e+01
2.629228707750057481e+01
2.637875732310305921e+01
2.646516242010019226e+01
2.655150161063923164e+01
2.663777414361014451e+01
2.672397927461951284e+01
2.681011626596347952e+01
2.689618438660118471e+01
2.698218291212801034e+01
2.706811112474836278e+01
2.715396831324843774e+01
2.723975377296917344e+01
2.732546680577871001e+01
2.741110672004468185e+01
2.749667283060687595e+01
2.758216445874924716e+01
2.766758093217208270e+01
2.775292158496398542e+01
2.783818575757391400e+01
2.792337279678291395e+01
2.800848205567578120e+01
2.809351289361280379e+01
2.817846467620123718e+01
2.826333677526678301e+01
2.834812856882499688e+01
2.843283944105245808e+01
2.851746878225829107e+01
2.860201598885496566e+01
2.868648046332968349e+01
2.877086161421518895e+01
2.885515885606092112e+01
2.893937160940368969e+01
2.902349930073892992e+01
2.910754136249103041e+01
2.919149723298442467e+01
2.927536635641421014e+01
2.935914818281677441e+01
2.944284216804047105e+01
2.952644777371620677e+01
2.960996446722809594e+01
2.969339172168382035e+01
2.977672901588516652e+01
2.985997583429875846e+01
2.994313166702621132e+01
3.002619600977470427e+01
3.010916836382736506e+01
3.019204823601382515e+01
3.027483513868033427e+01
3.035752858966044343e+01
3.044012811224528647e+01
3.052263323515386162e+01
3.060504349250352973e+01
3.068735842378037404e+01
3.076957757380958114e+01
3.085170049272581494e+01
3.093372673594364031e+01
3.101565586412791831e+01
3.109748744316429026e+01
3.117922104412936335e+01
3.126085624326167078e+01
3.134239262193158027e+01
3.142382976661223282e+01
3.150516726884967511e+01
3.158640472523385156e+01
3.166754173736878641e+01
3.174857791184341238e+01
3.182951286020204051e+01
3.191034619891527413e+01
3.199107754935046088e+01
3.207170653774254276e+01
3.215223279516484212e+01
3.223265595749990098e+01
3.231297566541030619e+01
3.239319156430955360e+01
3.247330330433312895e+01
3.255331054030943960e+01
3.263321293173081727e+01
3.271301014272470553e+01
3.279270184202486149e+01
3.287228770294237989e+01
3.295176740333708665e+01
3.303114062558888264e+01
3.311040705656917993e+01
3.318956638761208922e+01
3.326861831448621842e+01
3.334756253736603782e+01
3.342639876080372829e+01
3.350512669370054653e+01
3.358374604927904272e+01
3.366225654505446840e+01
3.374065790280684496e+01
3.381894984855314590e+01
3.389713211251891067e+01
3.397520442911082483e+01
3.405316653688859674e+01
3.413101817853730324e+01
3.420875910083990590e+01
3.428638905464944742e+01
3.436390779486166736e+01
3.444131508038766043e+01
3.451861067412632877e+01
3.459579434293745948e+01
3.467286585761413420e+01
3.474982499285611226e+01
3.482667152724250315e+01
3.490340524320490800e+01
3.498002592700078850e+01
3.505653336868647330e+01
3.513292736209064060e+01
3.520920770478785755e+01
3.528537419807187803e+01
3.536142664692946624e+01
3.543736486001405694e+01
3.551318864961950084e+01
3.558889783165399479e+01
3.566449222561423937e+01
3.573997165455929803e+01
3.581533594508486829e+01
3.589058492729757432e+01
3.596571843478947272e+01
3.604073630461226685e+01
3.611563837725210391e+01
3.619042449660408067e+01
3.626509450994728923e+01
3.633964826791930136e+01
3.641408562449155539e+01
3.648840643694404662e+01
3.656261056584082070e+01
3.663669787500500519e+01
3.671066823149441660e+01
3.678452150557681222e+01
3.685825757070571029e+01
3.693187630349590478e+01
3.700537758369921448e+01
3.707876129418076516e+01
3.715202732089436211e+01
3.722517555285921276e+01
3.729820588213573274e+01
3.737111820380209082e+01
3.744391241593050523e+01
3.771870280059854252e+01
3.779050982788662338e+01
3.786219885103111693e+01
3.793376979169342178e+01
3.800522257429000206e+01
3.807655712597036768e+01
3.814777337659504042e+01
3.821887125871342761e+01
3.828985070754197295e+01
3.836071166094266260e+01
3.843145405940113335e+01
3.850207784600511474e+01
3.857258296642322648e+01
3.864296936888355560e+01
3.871323700415230462e+01
3.878338582551288738e+01
3.885341578874486146e+01
3.892332685210299559e+01
3.899311897629653600e+01
3.906279212446860072e+01
3.913234626217538192e+01
3.920178135736603053e+01
3.927109738036197228e+01
3.934029430383686332e+01
3.940937210279648895e+01
3.947833075455850604e+01
3.954717023873286053e+01
3.961589053720158660e+01
3.968449163409938762e+01
3.975297351579409622e+01
3.982133617086682875e+01
3.988957959009293575e+01
3.995770376642258981e+01
4.002570869496167205e+01
4.009359437295256612e+01
4.016136079975551354e+01
4.022900797682940066e+01
4.029653590771326321e+01
4.036394459800753509e+01
4.043123405535552450e+01
4.049840428942520987e+01
4.056545531189051701e+01
4.063238713641343480e+01
4.069919977862587501e+01
4.076589325611145398e+01
4.083246758838792800e+01
4.089892279688905319e+01
4.096525890494714162e+01
4.103147593777551805e+01
4.109757392245075636e+01
4.116355288789566913e+01
4.122941286486175017e+01
4.129515388591212144e+01
4.136077598540459377e+01
4.142627919947452853e+01
4.149166356601801908e+01
4.155692912467519307e+01
4.162207591681357144e+01
4.168710398551152707e+01
4.175201337554163672e+01
4.181680413335479329e+01
4.188147630706344415e+01
4.194602994642583127e+01
4.201046510282964874e+01
4.207478182927656718e+01
4.213898018036580595e+01
4.220306021227885651e+01
4.226702198276361599e+01
4.233086555111891869e+01
4.239459097817917410e+01
4.245819832629881319e+01
4.252168765933728167e+01
4.258505904264376341e+01
4.264831254304216657e+01
4.271144822881618808e+01
4.277446616969444193e+01
4.283736643683574385e+01
4.290014910281435334e+01
4.296281424160562779e+01
4.302536192857130004e+01
4.308779224044527467e+01
4.315010525531928209e+01
4.321230105262885246e+01
4.327437971313892717e+01
4.333634131893014541e+01
4.339818595338486773e+01
4.345991370117329922e+01
4.352152464823995359e+01
4.358301888178985450e+01
4.364439649027501389e+01
4.370565756338120877e+01
4.376680219201440281e+01
4.382783046828760831e+01
4.388874248550783363e+01
4.394953833816269650e+01
4.401021812190795401e+01
4.407078193355393125e+01
4.413122987105343498e+01
4.419156203348858014e+01
4.425177852105826304e+01
4.431187943506584048e+01
4.437186487790630451e+01
4.443173495305438792e+01
4.449148976505185260e+01
4.455112941949568039e+01
4.461065402302566696e+01
4.467006368331256283e+01
4.472935850904634947e+01
4.478853860992389713e+01
4.484760409663772407e+01
4.490655508086403813e+01
4.496539167525124014e+01
4.502411399340845577e+01
4.508272214989395366e+01
4.514121626020406097e+01
4.519959644076178762e+01
4.525786280890556412e+01
4.531601548287825665e+01
4.537405458181623885e+01
4.543198022573832162e+01
4.548979253553493152e+01
4.554749163295744552e+01
4.560507764060738367e+01
4.566255068192588595e+01
4.571991088118316782e+01
4.577715836346809652e+01
4.583429325467764670e+01
4.589131568150689588e+01
4.594822577143871456e+01
4.600502365273334249e+01
4.606170945441881059e+01
4.611828330628058836e+01
4.617474533885184940e+01
4.623109568340350251e+01
4.628733447193463491e+01
4.634346183716262146e+01
4.639947791251363896e+01
4.645538283211314479e+01
4.651117673077633441e+01
4.656685974399871242e+01
4.662243200794697628e+01
4.667789365944953062e+01
4.673324483598747747e+01
4.678848567568550010e+01
4.684361631730273956e+01
4.689863690022397691e+01
4.695354756445052402e+01
4.700834845059173972e+01
4.706303969985584246e+01
4.711762145404173197e+01
4.717209385552996537e+01
4.722645704727427329e+01
4.728071117279342417e+01
4.733485637616238506e+01
4.738889280200421439e+01
4.744282059548174857e+01
4.749663990228932420e+01
4.755035086864480576e+01
4.760395364128132201e+01
4.765744836743930790e+01
4.771083519485864599e+01
4.776411427177073676e+01
4.781728574689053346e+01
4.787034976940907427e+01
4.792330648898557399e+01
4.797615605573983544e+01
4.802889862024478163e+01
4.808153433351878192e+01
4.813406334701835476e+01
4.818648581263082065e+01
4.823880188266676328e+01
4.829101170985303781e+01
4.834311544732536703e+01
4.839511324862139929e+01
4.844700526767331183e+01
4.849879165880122400e+01
4.855047257670591421e+01
4.860204817646194186e+01
4.865351861351103935e+01
4.870488404365499946e+01
4.875614462304930186e+01
4.880730050819604315e+01
4.885835185593768415e+01
4.890929882345033519e+01
4.896014156823714103e+01
4.901088024812207067e+01
4.906151502124342301e+01
4.911204604604736801e+01
4.916247348128181471e+01
4.921279748599018689e+01
4.926301821950513471e+01
4.931313584144263729e+01
4.936315051169554380e+01
4.941306239042798865e+01
4.946287163806918841e+01
4.951257841530753723e+01
4.956218288308487985e+01
4.961168520259053594e+01
4.966108553525568681e+01
4.971038404274755607e+01
4.982394167934596396e+01
4.987249053479642669e+01
4.992093920784926553e+01
4.996928786020096425e+01
5.001753665373654201e+01
5.006568575052403958e+01
5.011373531280959526e+01
5.016168550301234319e+01
5.020953648371938272e+01
5.025728841768072641e+01
5.030494146780439024e+01
5.035249579715151924e+01
5.039995156893169082e+01
5.044730894649758568e+01
5.049456809334093066e+01
5.054172917308733304e+01
5.058879234949166204e+01
5.063575778643348002e+01
5.068262564791253766e+01
5.072939609804393513e+01
5.077606930105402938e+01
5.082264542127563800e+01
5.086912462314371197e+01
5.091550707119104402e+01
5.096179293004384903e+01
5.100798236441753630e+01
5.105407553911231133e+01
5.110007261900907594e+01
5.114597376906529291e+01
5.119177915431068016e+01
5.123748893984338082e+01
5.128310329082555796e+01
5.132862237247963577e+01
5.137404635008429921e+01
5.141937538897035864e+01
5.146460965451717584e+01
5.150974931214841490e+01
5.155479452732849666e+01
5.159974546555865516e+01
5.164460229237338496e+01
5.168936517333634129e+01
5.173403427403711419e+01
5.177860976008719263e+01
5.182309179711662495e+01
5.186748055077038089e+01
5.191177618670464966e+01
5.195597887058348618e+01
5.200008876807540048e+01
5.204410604484969127e+01
5.208803086657339776e+01
5.213186339890751952e+01
5.217560380750407489e+01
5.221925225800243453e+01
5.226280891602645795e+01
5.230627394718078449e+01
5.234964751704811192e+01
5.239292979118570770e+01
5.243612093512236783e+01
5.247922111435533310e+01
5.252223049434724089e+01
